1, l_hand -0.443873 0.189193 1.976394 1.;
2, r_hand 0.144575 0.178422 2.014578 1.;
3, 0.144575 0.178422 2.014578 1.;
4, l_hand -0.443886 0.189693 1.975836 1.;
5, r_hand 0.144513 0.178422 2.014782 1.;
6, 0.144513 0.178422 2.014782 1.;
7, l_hand -0.443874 0.189952 1.975463 1.;
8, r_hand 0.144454 0.178419 2.014927 1.;
9, 0.144454 0.178419 2.014927 1.;
10, l_hand -0.443852 0.19014 1.975157 1.;
11, r_hand 0.144307 0.178453 2.014892 1.;
12, 0.144307 0.178453 2.014892 1.;
13, l_hand -0.443835 0.190236 1.974936 1.;
14, r_hand 0.144138 0.178455 2.014796 1.;
15, 0.144138 0.178455 2.014796 1.;
16, l_hand -0.443426 0.188044 1.974857 1.;
17, r_hand 0.143952 0.178445 2.014667 1.;
18, 0.143952 0.178445 2.014667 1.;
19, l_hand -0.443199 0.186385 1.974828 1.;
20, r_hand 0.143761 0.178434 2.014509 1.;
21, 0.143761 0.178434 2.014509 1.;
22, l_hand -0.443045 0.185058 1.974835 1.;
23, r_hand 0.14356 0.178423 2.014334 1.;
24, 0.14356 0.178423 2.014334 1.;
25, l_hand -0.442925 0.183959 1.974856 1.;
26, r_hand 0.143371 0.178415 2.014157 1.;
27, 0.143371 0.178415 2.014157 1.;
28, l_hand -0.442878 0.18328 1.97486 1.;
29, r_hand 0.143161 0.178412 2.013962 1.;
30, 0.143161 0.178412 2.013962 1.;
31, l_hand -0.442836 0.182788 1.974865 1.;
32, r_hand 0.142961 0.178419 2.013773 1.;
33, 0.142961 0.178419 2.013773 1.;
34, l_hand -0.44279 0.182499 1.974841 1.;
35, r_hand 0.142708 0.178415 2.013523 1.;
36, 0.142708 0.178415 2.013523 1.;
37, l_hand -0.442739 0.182305 1.974805 1.;
38, r_hand 0.142366 0.178391 2.013204 1.;
39, 0.142366 0.178391 2.013204 1.;
40, l_hand -0.442671 0.182195 1.97475 1.;
41, r_hand 0.141957 0.178331 2.01285 1.;
42, 0.141957 0.178331 2.01285 1.;
43, l_hand -0.442547 0.18221 1.974651 1.;
44, r_hand 0.141488 0.178217 2.012486 1.;
45, 0.141488 0.178217 2.012486 1.;
46, l_hand -0.442378 0.182308 1.97452 1.;
47, r_hand 0.140936 0.178032 2.012099 1.;
48, 0.140936 0.178032 2.012099 1.;
49, l_hand -0.442153 0.182509 1.974345 1.;
50, r_hand 0.140337 0.17783 2.011666 1.;
51, 0.140337 0.17783 2.011666 1.;
52, l_hand -0.441899 0.182758 1.974149 1.;
53, r_hand 0.13964 0.177562 2.011162 1.;
54, 0.13964 0.177562 2.011162 1.;
55, l_hand -0.441672 0.182993 1.973947 1.;
56, r_hand 0.13902 0.177295 2.010677 1.;
57, 0.13902 0.177295 2.010677 1.;
58, l_hand -0.441609 0.183304 1.973639 1.;
59, r_hand 0.138471 0.17705 2.010088 1.;
60, 0.138471 0.17705 2.010088 1.;
61, l_hand -0.443209 0.184307 1.972366 1.;
62, r_hand 0.139631 0.178029 2.008427 1.;
63, 0.139631 0.178029 2.008427 1.;
64, l_hand -0.452152 0.182108 1.968737 1.;
65, r_hand 0.146252 0.180099 2.005558 1.;
66, 0.146252 0.180099 2.005558 1.;
67, l_hand -0.492653 0.182202 1.959115 1.;
68, r_hand 0.167342 0.177712 2.002423 1.;
69, 0.167342 0.177712 2.002423 1.;
70, l_hand -0.522488 0.180839 1.952515 1.;
71, r_hand 0.190866 0.177695 1.999044 1.;
72, 0.190866 0.177695 1.999044 1.;
73, l_hand -0.560037 0.180276 1.945795 1.;
74, r_hand 0.215836 0.176263 1.997846 1.;
75, 0.215836 0.176263 1.997846 1.;
76, l_hand -0.593417 0.174577 1.943858 1.;
77, r_hand 0.243686 0.172752 1.999411 1.;
78, 0.243686 0.172752 1.999411 1.;
79, l_hand -0.615285 0.168695 1.943961 1.;
80, r_hand 0.276249 0.168983 2.0049 1.;
81, 0.276249 0.168983 2.0049 1.;
82, l_hand -0.630002 0.163612 1.944892 1.;
83, r_hand 0.296261 0.167721 2.008698 1.;
84, 0.296261 0.167721 2.008698 1.;
85, l_hand -0.642463 0.158293 1.947164 1.;
86, r_hand 0.311085 0.166627 2.012258 1.;
87, 0.311085 0.166627 2.012258 1.;
88, l_hand -0.653622 0.154147 1.950602 1.;
89, r_hand 0.324898 0.165793 2.016615 1.;
90, 0.324898 0.165793 2.016615 1.;
91, l_hand -0.662905 0.151794 1.954315 1.;
92, r_hand 0.332954 0.165227 2.019183 1.;
93, 0.332954 0.165227 2.019183 1.;
94, l_hand -0.669359 0.150562 1.957537 1.;
95, r_hand 0.338274 0.164794 2.020879 1.;
96, 0.338274 0.164794 2.020879 1.;
97, l_hand -0.673433 0.149894 1.959993 1.;
98, r_hand 0.34171 0.164433 2.02228 1.;
99, 0.34171 0.164433 2.02228 1.;
100, l_hand -0.675884 0.149685 1.962258 1.;
101, r_hand 0.343042 0.163982 2.023591 1.;
102, 0.343042 0.163982 2.023591 1.;
103, l_hand -0.676637 0.149827 1.964647 1.;
104, r_hand 0.341166 0.162853 2.024673 1.;
105, 0.341166 0.162853 2.024673 1.;
106, l_hand -0.674935 0.15034 1.967345 1.;
107, r_hand 0.336964 0.161331 2.025194 1.;
108, 0.336964 0.161331 2.025194 1.;
109, l_hand -0.670615 0.150986 1.970139 1.;
110, r_hand 0.324119 0.155802 2.024204 1.;
111, 0.324119 0.155802 2.024204 1.;
112, l_hand -0.657292 0.151753 1.972809 1.;
113, r_hand 0.310502 0.151434 2.022381 1.;
114, 0.310502 0.151434 2.022381 1.;
115, l_hand -0.633515 0.151947 1.97519 1.;
116, r_hand 0.281105 0.143875 2.015057 1.;
117, 0.281105 0.143875 2.015057 1.;
118, l_hand -0.596709 0.156678 1.975177 1.;
119, r_hand 0.260993 0.14076 2.010344 1.;
120, 0.260993 0.14076 2.010344 1.;
121, l_hand -0.54843 0.161156 1.974021 1.;
122, r_hand 0.240339 0.140679 2.005703 1.;
123, 0.240339 0.140679 2.005703 1.;
124, l_hand -0.516214 0.165646 1.973477 1.;
125, r_hand 0.222724 0.142657 2.002323 1.;
126, 0.222724 0.142657 2.002323 1.;
127, l_hand -0.488373 0.169372 1.973702 1.;
128, r_hand 0.204951 0.146796 1.999762 1.;
129, 0.204951 0.146796 1.999762 1.;
130, l_hand -0.466566 0.170546 1.975292 1.;
131, r_hand 0.186452 0.154181 1.998588 1.;
132, 0.186452 0.154181 1.998588 1.;
133, l_hand -0.449271 0.171889 1.976547 1.;
134, r_hand 0.160589 0.160009 1.995885 1.;
135, 0.160589 0.160009 1.995885 1.;
136, l_hand -0.438219 0.173148 1.977476 1.;
137, r_hand 0.146588 0.163421 1.994985 1.;
138, 0.146588 0.163421 1.994985 1.;
139, l_hand -0.430917 0.174037 1.978096 1.;
140, r_hand 0.13817 0.165465 1.994643 1.;
141, 0.13817 0.165465 1.994643 1.;
142, l_hand -0.425654 0.175075 1.978745 1.;
143, r_hand 0.132487 0.166996 1.99451 1.;
144, 0.132487 0.166996 1.99451 1.;
145, l_hand -0.422554 0.17725 1.979696 1.;
146, r_hand 0.128669 0.168462 1.994718 1.;
147, 0.128669 0.168462 1.994718 1.;
148, l_hand -0.424019 0.19386 1.981892 1.;
149, r_hand 0.128107 0.180838 1.996516 1.;
150, 0.128107 0.180838 1.996516 1.;
151, l_hand -0.426298 0.207473 1.983703 1.;
152, r_hand 0.131855 0.201216 1.99837 1.;
153, 0.131855 0.201216 1.99837 1.;
154, l_hand -0.431974 0.239058 1.986423 1.;
155, r_hand 0.141287 0.233323 1.999706 1.;
156, 0.141287 0.233323 1.999706 1.;
157, l_hand -0.441632 0.276198 1.98898 1.;
158, r_hand 0.149273 0.262231 2.001512 1.;
159, 0.149273 0.262231 2.001512 1.;
160, l_hand -0.449993 0.307895 1.98919 1.;
161, r_hand 0.163571 0.302771 2.005858 1.;
162, 0.163571 0.302771 2.005858 1.;
163, l_hand -0.468436 0.359349 1.98869 1.;
164, r_hand 0.170437 0.329531 2.008514 1.;
165, 0.170437 0.329531 2.008514 1.;
166, l_hand -0.478114 0.398796 1.989322 1.;
167, r_hand 0.183702 0.397507 2.022614 1.;
168, 0.183702 0.397507 2.022614 1.;
169, l_hand -0.485339 0.441469 1.994176 1.;
170, r_hand 0.185041 0.420565 2.026852 1.;
171, 0.185041 0.420565 2.026852 1.;
172, l_hand -0.488099 0.457148 1.995443 1.;
173, r_hand 0.18387 0.440669 2.029967 1.;
174, 0.18387 0.440669 2.029967 1.;
175, l_hand -0.488938 0.468906 1.995639 1.;
176, r_hand 0.182977 0.453109 2.031644 1.;
177, 0.182977 0.453109 2.031644 1.;
178, l_hand -0.489605 0.478078 1.995177 1.;
179, r_hand 0.182049 0.463721 2.032719 1.;
180, 0.182049 0.463721 2.032719 1.;
181, l_hand -0.488749 0.485856 1.994066 1.;
182, r_hand 0.179018 0.484532 2.036051 1.;
183, 0.179018 0.484532 2.036051 1.;
184, l_hand -0.486911 0.492203 1.992677 1.;
185, r_hand 0.177454 0.49423 2.037514 1.;
186, 0.177454 0.49423 2.037514 1.;
187, l_hand -0.48383 0.497099 1.991016 1.;
188, r_hand 0.176587 0.499985 2.038359 1.;
189, 0.176587 0.499985 2.038359 1.;
190, l_hand -0.481416 0.500838 1.989733 1.;
191, r_hand 0.175849 0.503829 2.038926 1.;
192, 0.175849 0.503829 2.038926 1.;
193, l_hand -0.478739 0.503097 1.988505 1.;
194, r_hand 0.174883 0.505524 2.039182 1.;
195, 0.174883 0.505524 2.039182 1.;
196, l_hand -0.475434 0.503655 1.987035 1.;
197, r_hand 0.173816 0.504697 2.039146 1.;
198, 0.173816 0.504697 2.039146 1.;
199, l_hand -0.471676 0.502224 1.985672 1.;
200, r_hand 0.172596 0.498669 2.038589 1.;
201, 0.172596 0.498669 2.038589 1.;
202, l_hand -0.467888 0.499632 1.98454 1.;
203, r_hand 0.171488 0.48668 2.037376 1.;
204, 0.171488 0.48668 2.037376 1.;
205, l_hand -0.460692 0.472584 1.979967 1.;
206, r_hand 0.171624 0.441477 2.033931 1.;
207, 0.171624 0.441477 2.033931 1.;
208, l_hand -0.458565 0.456675 1.977808 1.;
209, r_hand 0.17175 0.423791 2.032694 1.;
210, 0.17175 0.423791 2.032694 1.;
211, l_hand -0.457937 0.443207 1.97601 1.;
212, r_hand 0.170478 0.387977 2.028784 1.;
213, 0.170478 0.387977 2.028784 1.;
214, l_hand -0.460233 0.419122 1.973382 1.;
215, r_hand 0.170497 0.370492 2.026816 1.;
216, 0.170497 0.370492 2.026816 1.;
217, l_hand -0.466783 0.377612 1.970631 1.;
218, r_hand 0.167867 0.322944 2.020557 1.;
219, 0.167867 0.322944 2.020557 1.;
220, l_hand -0.465512 0.320891 1.969911 1.;
221, r_hand 0.165289 0.300406 2.017306 1.;
222, 0.165289 0.300406 2.017306 1.;
223, l_hand -0.464826 0.297721 1.969924 1.;
224, r_hand 0.161176 0.280736 2.014975 1.;
225, 0.161176 0.280736 2.014975 1.;
226, l_hand -0.464573 0.282109 1.97007 1.;
227, r_hand 0.157869 0.264436 2.013749 1.;
228, 0.157869 0.264436 2.013749 1.;
229, l_hand -0.459983 0.251732 1.97288 1.;
230, r_hand 0.150122 0.241411 2.013293 1.;
231, 0.150122 0.241411 2.013293 1.;
232, l_hand -0.457136 0.233871 1.974304 1.;
233, r_hand 0.146635 0.22921 2.013088 1.;
234, 0.146635 0.22921 2.013088 1.;
235, l_hand -0.455366 0.212495 1.975044 1.;
236, r_hand 0.139252 0.188092 2.014999 1.;
237, 0.139252 0.188092 2.014999 1.;
238, l_hand -0.449883 0.170115 1.977237 1.;
239, r_hand 0.135539 0.169732 2.015287 1.;
240, 0.135539 0.169732 2.015287 1.;
241, l_hand -0.446827 0.150803 1.977745 1.;
242, r_hand 0.133359 0.158419 2.015207 1.;
243, 0.133359 0.158419 2.015207 1.;
244, l_hand -0.442472 0.129683 1.977746 1.;
245, r_hand 0.13183 0.144997 2.01467 1.;
246, 0.13183 0.144997 2.01467 1.;
247, l_hand -0.440388 0.117004 1.977468 1.;
248, r_hand 0.130839 0.133827 2.013993 1.;
249, 0.130839 0.133827 2.013993 1.;
250, l_hand -0.439439 0.107971 1.977057 1.;
251, r_hand 0.130641 0.124654 2.013346 1.;
252, 0.130641 0.124654 2.013346 1.;
253, l_hand -0.439215 0.101919 1.976398 1.;
254, r_hand 0.131209 0.117635 2.012971 1.;
255, 0.131209 0.117635 2.012971 1.;
256, l_hand -0.440211 0.098337 1.975121 1.;
257, r_hand 0.132023 0.112867 2.01278 1.;
258, 0.132023 0.112867 2.01278 1.;
259, l_hand -0.444226 0.099136 1.972537 1.;
260, r_hand 0.133525 0.109616 2.012712 1.;
261, 0.133525 0.109616 2.012712 1.;
262, l_hand -0.448455 0.102322 1.970366 1.;
263, r_hand 0.135223 0.1077 2.012736 1.;
264, 0.135223 0.1077 2.012736 1.;
265, l_hand -0.453351 0.10915 1.96836 1.;
266, r_hand 0.137191 0.107119 2.012825 1.;
267, 0.137191 0.107119 2.012825 1.;
268, l_hand -0.457224 0.116952 1.967025 1.;
269, r_hand 0.139233 0.107767 2.01299 1.;
270, 0.139233 0.107767 2.01299 1.;
271, l_hand -0.459797 0.12451 1.966263 1.;
272, r_hand 0.141223 0.109587 2.013109 1.;
273, 0.141223 0.109587 2.013109 1.;
274, l_hand -0.461096 0.131696 1.965969 1.;
275, r_hand 0.142736 0.111609 2.01318 1.;
276, 0.142736 0.111609 2.01318 1.;
277, l_hand -0.461589 0.137012 1.96594 1.;
278, r_hand 0.143911 0.114426 2.013041 1.;
279, 0.143911 0.114426 2.013041 1.;
280, l_hand -0.461325 0.141358 1.966139 1.;
281, r_hand 0.14469 0.116996 2.012914 1.;
282, 0.14469 0.116996 2.012914 1.;
283, l_hand -0.460724 0.144728 1.966429 1.;
284, r_hand 0.145162 0.119221 2.012821 1.;
285, 0.145162 0.119221 2.012821 1.;
286, l_hand -0.459279 0.148095 1.967057 1.;
287, r_hand 0.145398 0.121131 2.012756 1.;
288, 0.145398 0.121131 2.012756 1.;
289, l_hand -0.457076 0.151533 1.967876 1.;
290, r_hand 0.145298 0.123336 2.012699 1.;
291, 0.145298 0.123336 2.012699 1.;
292, l_hand -0.454898 0.154484 1.968742 1.;
293, r_hand 0.145047 0.125058 2.012694 1.;
294, 0.145047 0.125058 2.012694 1.;
295, l_hand -0.453129 0.156665 1.969464 1.;
296, r_hand 0.144723 0.12642 2.012738 1.;
297, 0.144723 0.12642 2.012738 1.;
298, l_hand -0.451651 0.15842 1.970088 1.;
299, r_hand 0.144335 0.127585 2.012796 1.;
300, 0.144335 0.127585 2.012796 1.;
301, l_hand -0.450419 0.159755 1.9706 1.;
302, r_hand 0.143779 0.129117 2.012868 1.;
303, 0.143779 0.129117 2.012868 1.;
304, l_hand -0.449314 0.160875 1.97105 1.;
305, r_hand 0.143239 0.130686 2.012937 1.;
306, 0.143239 0.130686 2.012937 1.;
307, l_hand -0.448345 0.161807 1.971458 1.;
308, r_hand 0.142736 0.13228 2.013004 1.;
309, 0.142736 0.13228 2.013004 1.;
310, l_hand -0.447514 0.162548 1.971801 1.;
311, r_hand 0.142261 0.133863 2.013025 1.;
312, 0.142261 0.133863 2.013025 1.;
313, l_hand -0.446823 0.163127 1.972082 1.;
314, r_hand 0.14187 0.135513 2.013005 1.;
315, 0.14187 0.135513 2.013005 1.;
316, l_hand -0.446196 0.163579 1.972328 1.;
317, r_hand 0.141517 0.137034 2.012971 1.;
318, 0.141517 0.137034 2.012971 1.;
319, l_hand -0.445687 0.163918 1.972522 1.;
320, r_hand 0.141222 0.138439 2.012887 1.;
321, 0.141222 0.138439 2.012887 1.;
322, l_hand -0.44522 0.164179 1.972675 1.;
323, r_hand 0.14097 0.139603 2.012794 1.;
324, 0.14097 0.139603 2.012794 1.;
325, l_hand -0.444761 0.164408 1.972786 1.;
326, r_hand 0.140731 0.140557 2.012696 1.;
327, 0.140731 0.140557 2.012696 1.;
328, l_hand -0.444316 0.164591 1.972867 1.;
329, r_hand 0.140494 0.141401 2.012563 1.;
330, 0.140494 0.141401 2.012563 1.;
331, l_hand -0.443887 0.164736 1.972934 1.;
332, r_hand 0.140279 0.142102 2.012406 1.;
333, 0.140279 0.142102 2.012406 1.;
334, l_hand -0.443394 0.164879 1.972972 1.;
335, r_hand 0.140068 0.14278 2.012149 1.;
336, 0.140068 0.14278 2.012149 1.;
337, l_hand -0.442917 0.16501 1.972993 1.;
338, r_hand 0.139756 0.144033 2.011388 1.;
339, 0.139756 0.144033 2.011388 1.;
340, l_hand -0.442467 0.165129 1.97301 1.;
341, r_hand 0.139361 0.145997 2.009898 1.;
342, 0.139361 0.145997 2.009898 1.;
343, l_hand -0.442056 0.165241 1.973027 1.;
344, r_hand 0.138163 0.151931 2.004842 1.;
345, 0.138163 0.151931 2.004842 1.;
346, l_hand -0.441665 0.165335 1.973062 1.;
347, r_hand 0.134274 0.169817 1.989523 1.;
348, 0.134274 0.169817 1.989523 1.;
349, l_hand -0.441243 0.165498 1.973156 1.;
350, r_hand 0.1308 0.187743 1.972205 1.;
351, 0.1308 0.187743 1.972205 1.;
352, l_hand -0.440777 0.165726 1.973408 1.;
353, r_hand 0.126286 0.217408 1.945554 1.;
354, 0.126286 0.217408 1.945554 1.;
355, l_hand -0.440215 0.165993 1.97399 1.;
356, r_hand 0.121668 0.238109 1.921342 1.;
357, 0.121668 0.238109 1.921342 1.;
358, l_hand -0.439427 0.166447 1.975108 1.;
359, r_hand 0.11414 0.25175 1.895025 1.;
360, 0.11414 0.25175 1.895025 1.;
361, l_hand -0.438477 0.167168 1.976903 1.;
362, r_hand 0.106868 0.260696 1.871244 1.;
363, 0.106868 0.260696 1.871244 1.;
364, l_hand -0.437559 0.167879 1.979068 1.;
365, r_hand 0.100609 0.269056 1.840727 1.;
366, 0.100609 0.269056 1.840727 1.;
367, l_hand -0.436741 0.168488 1.981325 1.;
368, r_hand 0.097967 0.273101 1.814633 1.;
369, 0.097967 0.273101 1.814633 1.;
370, l_hand -0.43603 0.169004 1.983654 1.;
371, r_hand 0.095779 0.27339 1.784834 1.;
372, 0.095779 0.27339 1.784834 1.;
373, l_hand -0.435483 0.169469 1.986052 1.;
374, r_hand 0.092277 0.271829 1.756432 1.;
375, 0.092277 0.271829 1.756432 1.;
376, l_hand -0.435133 0.169866 1.988417 1.;
377, r_hand 0.0912 0.272953 1.72668 1.;
378, 0.0912 0.272953 1.72668 1.;
379, l_hand -0.434918 0.170361 1.991004 1.;
380, r_hand 0.09133 0.274291 1.696104 1.;
381, 0.09133 0.274291 1.696104 1.;
382, l_hand -0.434779 0.170828 1.99379 1.;
383, r_hand 0.092426 0.271753 1.667133 1.;
384, 0.092426 0.271753 1.667133 1.;
385, l_hand -0.434681 0.171207 1.996531 1.;
386, r_hand 0.093167 0.265865 1.643258 1.;
387, 0.093167 0.265865 1.643258 1.;
388, l_hand -0.434685 0.171494 1.999247 1.;
389, r_hand 0.094212 0.248045 1.615549 1.;
390, 0.094212 0.248045 1.615549 1.;
391, l_hand -0.43478 0.171645 2.002001 1.;
392, r_hand 0.094011 0.231044 1.594857 1.;
393, 0.094011 0.231044 1.594857 1.;
394, l_hand -0.434905 0.171656 2.004873 1.;
395, r_hand 0.093208 0.205278 1.577586 1.;
396, 0.093208 0.205278 1.577586 1.;
397, l_hand -0.435083 0.171598 2.007581 1.;
398, r_hand 0.091792 0.188612 1.568983 1.;
399, 0.091792 0.188612 1.568983 1.;
400, l_hand -0.435267 0.171634 2.010321 1.;
401, r_hand 0.09013 0.177432 1.56479 1.;
402, 0.09013 0.177432 1.56479 1.;
403, l_hand -0.435555 0.171589 2.013006 1.;
404, r_hand 0.088379 0.169062 1.563753 1.;
405, 0.088379 0.169062 1.563753 1.;
406, l_hand -0.435942 0.171331 2.015711 1.;
407, r_hand 0.086556 0.163171 1.564942 1.;
408, 0.086556 0.163171 1.564942 1.;
409, l_hand -0.436423 0.171067 2.018219 1.;
410, r_hand 0.084968 0.159683 1.56734 1.;
411, 0.084968 0.159683 1.56734 1.;
412, l_hand -0.436966 0.170893 2.020725 1.;
413, r_hand 0.083502 0.158116 1.570336 1.;
414, 0.083502 0.158116 1.570336 1.;
415, l_hand -0.437446 0.170759 2.022826 1.;
416, r_hand 0.082302 0.157941 1.573438 1.;
417, 0.082302 0.157941 1.573438 1.;
418, l_hand -0.437854 0.17062 2.024528 1.;
419, r_hand 0.081314 0.158888 1.576432 1.;
420, 0.081314 0.158888 1.576432 1.;
421, l_hand -0.438196 0.170492 2.025895 1.;
422, r_hand 0.080437 0.160628 1.579214 1.;
423, 0.080437 0.160628 1.579214 1.;
424, l_hand -0.438465 0.170386 2.026947 1.;
425, r_hand 0.079725 0.162602 1.58153 1.;
426, 0.079725 0.162602 1.58153 1.;
427, l_hand -0.438681 0.170304 2.027746 1.;
428, r_hand 0.079212 0.164506 1.583352 1.;
429, 0.079212 0.164506 1.583352 1.;
430, l_hand -0.438852 0.170259 2.028338 1.;
431, r_hand 0.078843 0.166167 1.58474 1.;
432, 0.078843 0.166167 1.58474 1.;
433, l_hand -0.438982 0.170225 2.02878 1.;
434, r_hand 0.078598 0.167536 1.585779 1.;
435, 0.078598 0.167536 1.585779 1.;
436, l_hand -0.439089 0.170202 2.029102 1.;
437, r_hand 0.078434 0.168681 1.586556 1.;
438, 0.078434 0.168681 1.586556 1.;
439, l_hand -0.439172 0.170187 2.029338 1.;
440, r_hand 0.078316 0.169638 1.587137 1.;
441, 0.078316 0.169638 1.587137 1.;
442, l_hand -0.439236 0.170176 2.02951 1.;
443, r_hand 0.078252 0.170429 1.587586 1.;
444, 0.078252 0.170429 1.587586 1.;
445, l_hand -0.439292 0.170176 2.029626 1.;
446, r_hand 0.078242 0.171072 1.58795 1.;
447, 0.078242 0.171072 1.58795 1.;
448, l_hand -0.439311 0.170303 2.029613 1.;
449, r_hand 0.078342 0.17164 1.588335 1.;
450, 0.078342 0.17164 1.588335 1.;
451, l_hand -0.439287 0.170542 2.029499 1.;
452, r_hand 0.078926 0.172373 1.589018 1.;
453, 0.078926 0.172373 1.589018 1.;
454, l_hand -0.43923 0.170807 2.029308 1.;
455, r_hand 0.082037 0.17425 1.590958 1.;
456, 0.082037 0.17425 1.590958 1.;
457, l_hand -0.439124 0.17114 2.029015 1.;
458, r_hand 0.095746 0.180244 1.595926 1.;
459, 0.095746 0.180244 1.595926 1.;
460, l_hand -0.438969 0.171491 2.028668 1.;
461, r_hand 0.11992 0.188315 1.602966 1.;
462, 0.11992 0.188315 1.602966 1.;
463, l_hand -0.438769 0.171852 2.028285 1.;
464, r_hand 0.156964 0.19881 1.612434 1.;
465, 0.156964 0.19881 1.612434 1.;
466, l_hand -0.438567 0.172202 2.027882 1.;
467, r_hand 0.195215 0.210401 1.620831 1.;
468, 0.195215 0.210401 1.620831 1.;
469, l_hand -0.438371 0.17251 2.027461 1.;
470, r_hand 0.229962 0.217186 1.630294 1.;
471, 0.229962 0.217186 1.630294 1.;
472, l_hand -0.438177 0.172701 2.027061 1.;
473, r_hand 0.278131 0.224313 1.645745 1.;
474, 0.278131 0.224313 1.645745 1.;
475, l_hand -0.437989 0.172853 2.026677 1.;
476, r_hand 0.315624 0.226589 1.660301 1.;
477, 0.315624 0.226589 1.660301 1.;
478, l_hand -0.437736 0.173017 2.026293 1.;
479, r_hand 0.353638 0.227893 1.678254 1.;
480, 0.353638 0.227893 1.678254 1.;
481, l_hand -0.437364 0.173234 2.025892 1.;
482, r_hand 0.387116 0.227579 1.695881 1.;
483, 0.387116 0.227579 1.695881 1.;
484, l_hand -0.436913 0.173465 2.025488 1.;
485, r_hand 0.420058 0.227977 1.71517 1.;
486, 0.420058 0.227977 1.71517 1.;
487, l_hand -0.436313 0.173654 2.025143 1.;
488, r_hand 0.455945 0.227123 1.737287 1.;
489, 0.455945 0.227123 1.737287 1.;
490, l_hand -0.434848 0.173984 2.024589 1.;
491, r_hand 0.493358 0.227649 1.762248 1.;
492, 0.493358 0.227649 1.762248 1.;
493, l_hand -0.433927 0.17404 2.024416 1.;
494, r_hand 0.503331 0.227489 1.769911 1.;
495, 0.503331 0.227489 1.769911 1.;
496, l_hand -0.431321 0.176167 2.023323 1.;
497, r_hand 0.517507 0.22735 1.784049 1.;
498, 0.517507 0.22735 1.784049 1.;
499, l_hand -0.429776 0.177582 2.022614 1.;
500, r_hand 0.52159 0.227182 1.788707 1.;
501, 0.52159 0.227182 1.788707 1.;
502, l_hand -0.428481 0.178726 2.022066 1.;
503, r_hand 0.524141 0.227091 1.791919 1.;
504, 0.524141 0.227091 1.791919 1.;
505, l_hand -0.426757 0.180643 2.021207 1.;
506, r_hand 0.525104 0.227037 1.794181 1.;
507, 0.525104 0.227037 1.794181 1.;
508, l_hand -0.425027 0.182746 2.020318 1.;
509, r_hand 0.524189 0.227049 1.795388 1.;
510, 0.524189 0.227049 1.795388 1.;
511, l_hand -0.4237 0.184397 2.019639 1.;
512, r_hand 0.519665 0.226913 1.794709 1.;
513, 0.519665 0.226913 1.794709 1.;
514, l_hand -0.422718 0.185398 2.019207 1.;
515, r_hand 0.509022 0.22706 1.790228 1.;
516, 0.509022 0.22706 1.790228 1.;
517, l_hand -0.422022 0.186038 2.018946 1.;
518, r_hand 0.494146 0.228402 1.78194 1.;
519, 0.494146 0.228402 1.78194 1.;
520, l_hand -0.421512 0.186494 2.018768 1.;
521, r_hand 0.476587 0.229281 1.771141 1.;
522, 0.476587 0.229281 1.771141 1.;
523, l_hand -0.421134 0.186791 2.018657 1.;
524, r_hand 0.442636 0.229539 1.752058 1.;
525, 0.442636 0.229539 1.752058 1.;
526, l_hand -0.420836 0.186906 2.018645 1.;
527, r_hand 0.422082 0.229357 1.740786 1.;
528, 0.422082 0.229357 1.740786 1.;
529, l_hand -0.42063 0.186886 2.018717 1.;
530, r_hand 0.400005 0.228987 1.728873 1.;
531, 0.400005 0.228987 1.728873 1.;
532, l_hand -0.420558 0.186558 2.019023 1.;
533, r_hand 0.37653 0.227369 1.717404 1.;
534, 0.37653 0.227369 1.717404 1.;
535, l_hand -0.420615 0.186344 2.019395 1.;
536, r_hand 0.356478 0.226417 1.707658 1.;
537, 0.356478 0.226417 1.707658 1.;
538, l_hand -0.42085 0.185992 2.019943 1.;
539, r_hand 0.336121 0.225828 1.697807 1.;
540, 0.336121 0.225828 1.697807 1.;
541, l_hand -0.421274 0.18559 2.020592 1.;
542, r_hand 0.316709 0.224329 1.688942 1.;
543, 0.316709 0.224329 1.688942 1.;
544, l_hand -0.421998 0.185053 2.021425 1.;
545, r_hand 0.29855 0.2243 1.680934 1.;
546, 0.29855 0.2243 1.680934 1.;
547, l_hand -0.422894 0.184483 2.022301 1.;
548, r_hand 0.264432 0.221025 1.669172 1.;
549, 0.264432 0.221025 1.669172 1.;
550, l_hand -0.423978 0.184283 2.023331 1.;
551, r_hand 0.241867 0.218538 1.661906 1.;
552, 0.241867 0.218538 1.661906 1.;
553, l_hand -0.425152 0.184071 2.024453 1.;
554, r_hand 0.223087 0.216577 1.656293 1.;
555, 0.223087 0.216577 1.656293 1.;
556, l_hand -0.426777 0.184412 2.025654 1.;
557, r_hand 0.207866 0.216045 1.651926 1.;
558, 0.207866 0.216045 1.651926 1.;
559, l_hand -0.42824 0.184614 2.026717 1.;
560, r_hand 0.192192 0.215851 1.648053 1.;
561, 0.192192 0.215851 1.648053 1.;
562, l_hand -0.429734 0.185018 2.027563 1.;
563, r_hand 0.174589 0.214112 1.645037 1.;
564, 0.174589 0.214112 1.645037 1.;
565, l_hand -0.43093 0.185256 2.028226 1.;
566, r_hand 0.154203 0.210615 1.642437 1.;
567, 0.154203 0.210615 1.642437 1.;
568, l_hand -0.431973 0.185328 2.028774 1.;
569, r_hand 0.136013 0.207984 1.640244 1.;
570, 0.136013 0.207984 1.640244 1.;
571, l_hand -0.43287 0.185294 2.029198 1.;
572, r_hand 0.12117 0.206536 1.638378 1.;
573, 0.12117 0.206536 1.638378 1.;
574, l_hand -0.433624 0.185301 2.029467 1.;
575, r_hand 0.106957 0.204608 1.636742 1.;
576, 0.106957 0.204608 1.636742 1.;
577, l_hand -0.434361 0.185166 2.029651 1.;
578, r_hand 0.09682 0.203152 1.635418 1.;
579, 0.09682 0.203152 1.635418 1.;
580, l_hand -0.434993 0.184972 2.029761 1.;
581, r_hand 0.089087 0.201766 1.634523 1.;
582, 0.089087 0.201766 1.634523 1.;
583, l_hand -0.43553 0.184763 2.029811 1.;
584, r_hand 0.083571 0.200771 1.633861 1.;
585, 0.083571 0.200771 1.633861 1.;
586, l_hand -0.435991 0.184429 2.029812 1.;
587, r_hand 0.07982 0.200145 1.633372 1.;
588, 0.07982 0.200145 1.633372 1.;
589, l_hand -0.436402 0.18424 2.029785 1.;
590, r_hand 0.077199 0.19973 1.633028 1.;
591, 0.077199 0.19973 1.633028 1.;
592, l_hand -0.436745 0.184077 2.029746 1.;
593, r_hand 0.075266 0.199409 1.632775 1.;
594, 0.075266 0.199409 1.632775 1.;
595, l_hand -0.437018 0.183896 2.029726 1.;
596, r_hand 0.073903 0.199138 1.632593 1.;
597, 0.073903 0.199138 1.632593 1.;
598, l_hand -0.437273 0.183642 2.029677 1.;
599, r_hand 0.073036 0.198853 1.63248 1.;
600, 0.073036 0.198853 1.63248 1.;
601, l_hand -0.437503 0.183321 2.02962 1.;
602, r_hand 0.072593 0.198517 1.632433 1.;
603, 0.072593 0.198517 1.632433 1.;
604, l_hand -0.437705 0.182863 2.029542 1.;
605, r_hand 0.07251 0.198181 1.632431 1.;
606, 0.07251 0.198181 1.632431 1.;
607, l_hand -0.437905 0.182411 2.029434 1.;
608, r_hand 0.072711 0.197862 1.632461 1.;
609, 0.072711 0.197862 1.632461 1.;
610, l_hand -0.438088 0.181932 2.029296 1.;
611, r_hand 0.07317 0.197522 1.632533 1.;
612, 0.07317 0.197522 1.632533 1.;
613, l_hand -0.438256 0.181412 2.029126 1.;
614, r_hand 0.073973 0.197106 1.632684 1.;
615, 0.073973 0.197106 1.632684 1.;
616, l_hand -0.438395 0.180929 2.028949 1.;
617, r_hand 0.075113 0.196549 1.632985 1.;
618, 0.075113 0.196549 1.632985 1.;
619, l_hand -0.43853 0.180581 2.028746 1.;
620, r_hand 0.076499 0.195824 1.633418 1.;
621, 0.076499 0.195824 1.633418 1.;
622, l_hand -0.438617 0.180293 2.028562 1.;
623, r_hand 0.07775 0.195218 1.633805 1.;
624, 0.07775 0.195218 1.633805 1.;
625, l_hand -0.43868 0.180089 2.028396 1.;
626, r_hand 0.078785 0.194729 1.634125 1.;
627, 0.078785 0.194729 1.634125 1.;
628, l_hand -0.438719 0.179934 2.028244 1.;
629, r_hand 0.079367 0.194428 1.634307 1.;
630, 0.079367 0.194428 1.634307 1.;
631, l_hand -0.438745 0.179809 2.028109 1.;
632, r_hand 0.078595 0.19426 1.634145 1.;
633, 0.078595 0.19426 1.634145 1.;
634, l_hand -0.438757 0.179702 2.027993 1.;
635, r_hand 0.071523 0.196238 1.632092 1.;
636, 0.071523 0.196238 1.632092 1.;
637, l_hand -0.438752 0.179599 2.027894 1.;
638, r_hand 0.051136 0.200471 1.627914 1.;
639, 0.051136 0.200471 1.627914 1.;
640, l_hand -0.438754 0.179428 2.027799 1.;
641, r_hand 0.03035 0.204877 1.623384 1.;
642, 0.03035 0.204877 1.623384 1.;
643, l_hand -0.438773 0.179237 2.027726 1.;
644, r_hand 0.005121 0.211339 1.61697 1.;
645, 0.005121 0.211339 1.61697 1.;
646, l_hand -0.438805 0.179107 2.027679 1.;
647, r_hand -0.02801 0.219563 1.609756 1.;
648, -0.02801 0.219563 1.609756 1.;
649, l_hand -0.438922 0.178834 2.027748 1.;
650, r_hand -0.055486 0.225403 1.604902 1.;
651, -0.055486 0.225403 1.604902 1.;
652, l_hand -0.439088 0.178511 2.027886 1.;
653, r_hand -0.089294 0.229626 1.601255 1.;
654, -0.089294 0.229626 1.601255 1.;
655, l_hand -0.439399 0.178228 2.028145 1.;
656, r_hand -0.108537 0.231171 1.598966 1.;
657, -0.108537 0.231171 1.598966 1.;
658, l_hand -0.439952 0.177781 2.028766 1.;
659, r_hand -0.138179 0.243489 1.59115 1.;
660, -0.138179 0.243489 1.59115 1.;
661, l_hand -0.44112 0.176779 2.029989 1.;
662, r_hand -0.179801 0.233541 1.593533 1.;
663, -0.179801 0.233541 1.593533 1.;
664, l_hand -0.443073 0.175302 2.031655 1.;
665, r_hand -0.207546 0.22994 1.595383 1.;
666, -0.207546 0.22994 1.595383 1.;
667, l_hand -0.456425 0.152069 2.038121 1.;
668, r_hand -0.226119 0.227499 1.596315 1.;
669, -0.226119 0.227499 1.596315 1.;
670, l_hand -0.484232 0.172319 2.038896 1.;
671, r_hand -0.243786 0.224771 1.597723 1.;
672, -0.243786 0.224771 1.597723 1.;
673, l_hand -0.513716 0.21607 2.038846 0.5;
674, r_hand -0.265172 0.222361 1.60071 1.;
675, -0.265172 0.222361 1.60071 1.;
676, l_hand -0.526205 0.234825 2.038756 0.5;
677, r_hand -0.293989 0.222857 1.606268 1.;
678, -0.293989 0.222857 1.606268 1.;
679, l_hand -0.533127 0.245208 2.038701 0.5;
680, r_hand -0.309507 0.224403 1.608915 1.;
681, -0.309507 0.224403 1.608915 1.;
682, l_hand -0.529167 0.232846 2.039763 0.5;
683, r_hand -0.328776 0.224339 1.615095 1.;
684, -0.328776 0.224339 1.615095 1.;
685, l_hand -0.532838 0.237308 2.039419 0.5;
686, r_hand -0.340387 0.22459 1.61917 1.;
687, -0.340387 0.22459 1.61917 1.;
688, l_hand -0.536314 0.242323 2.038864 0.5;
689, r_hand -0.348755 0.224432 1.622787 1.;
690, -0.348755 0.224432 1.622787 1.;
691, l_hand -0.538625 0.245877 2.038312 0.5;
692, r_hand -0.354245 0.224483 1.625221 1.;
693, -0.354245 0.224483 1.625221 1.;
694, l_hand -0.534796 0.238975 2.037658 0.5;
695, r_hand -0.357978 0.224753 1.627095 1.;
696, -0.357978 0.224753 1.627095 1.;
697, l_hand -0.502429 0.139568 2.009315 0.5;
698, r_hand -0.36009 0.225338 1.628724 1.;
699, -0.36009 0.225338 1.628724 1.;
700, l_hand -0.487159 0.057369 1.993021 0.5;
701, r_hand -0.360286 0.226501 1.630152 1.;
702, -0.360286 0.226501 1.630152 1.;
703, l_hand -0.481868 0.025732 1.987226 0.5;
704, r_hand -0.35138 0.233318 1.630352 1.;
705, -0.35138 0.233318 1.630352 1.;
706, l_hand -0.478453 0.007682 1.98379 0.5;
707, r_hand -0.339391 0.241391 1.629214 1.;
708, -0.339391 0.241391 1.629214 1.;
709, l_hand -0.476554 -0.002218 1.982864 0.5;
710, r_hand -0.319651 0.248709 1.62615 1.;
711, -0.319651 0.248709 1.62615 1.;
712, l_hand -0.476175 -0.00659 1.983534 0.5;
713, r_hand -0.300258 0.252209 1.624007 1.;
714, -0.300258 0.252209 1.624007 1.;
715, l_hand -0.476752 -0.007868 1.984853 0.5;
716, r_hand -0.275766 0.249721 1.623736 1.;
717, -0.275766 0.249721 1.623736 1.;
718, l_hand -0.472076 0.104082 2.01276 1.;
719, r_hand -0.25001 0.246809 1.623742 1.;
720, -0.25001 0.246809 1.623742 1.;
721, l_hand -0.466096 0.141305 2.034009 1.;
722, r_hand -0.229552 0.24538 1.623928 1.;
723, -0.229552 0.24538 1.623928 1.;
724, l_hand -0.46283 0.169109 2.045698 1.;
725, r_hand -0.196508 0.23951 1.625169 1.;
726, -0.196508 0.23951 1.625169 1.;
727, l_hand -0.461265 0.182813 2.050989 1.;
728, r_hand -0.15219 0.230492 1.624358 1.;
729, -0.15219 0.230492 1.624358 1.;
730, l_hand -0.459801 0.19042 2.053089 1.;
731, r_hand -0.122181 0.239511 1.620502 1.;
732, -0.122181 0.239511 1.620502 1.;
733, l_hand -0.458583 0.190436 2.050788 1.;
734, r_hand -0.099511 0.243028 1.618782 1.;
735, -0.099511 0.243028 1.618782 1.;
736, l_hand -0.45739 0.185212 2.046229 1.;
737, r_hand -0.071583 0.251021 1.616037 1.;
738, -0.071583 0.251021 1.616037 1.;
739, l_hand -0.456388 0.179344 2.041772 1.;
740, r_hand -0.052346 0.253733 1.615437 1.;
741, -0.052346 0.253733 1.615437 1.;
742, l_hand -0.455338 0.174571 2.038268 1.;
743, r_hand -0.028829 0.252222 1.61745 1.;
744, -0.028829 0.252222 1.61745 1.;
745, l_hand -0.454469 0.170843 2.035674 1.;
746, r_hand -0.006233 0.246874 1.620345 1.;
747, -0.006233 0.246874 1.620345 1.;
748, l_hand -0.453793 0.167989 2.033818 1.;
749, r_hand 0.014827 0.239317 1.623473 1.;
750, 0.014827 0.239317 1.623473 1.;
751, l_hand -0.45327 0.165836 2.032435 1.;
752, r_hand 0.036452 0.230978 1.626247 1.;
753, 0.036452 0.230978 1.626247 1.;
754, l_hand -0.452863 0.164295 2.031422 1.;
755, r_hand 0.060531 0.22317 1.628859 1.;
756, 0.060531 0.22317 1.628859 1.;
757, l_hand -0.452582 0.163213 2.030654 1.;
758, r_hand 0.077995 0.218566 1.630447 1.;
759, 0.077995 0.218566 1.630447 1.;
760, l_hand -0.45238 0.162479 2.030097 1.;
761, r_hand 0.091906 0.215274 1.631671 1.;
762, 0.091906 0.215274 1.631671 1.;
763, l_hand -0.452225 0.16194 2.029678 1.;
764, r_hand 0.101204 0.21287 1.63261 1.;
765, 0.101204 0.21287 1.63261 1.;
766, l_hand -0.452094 0.161539 2.029342 1.;
767, r_hand 0.107195 0.211387 1.633217 1.;
768, 0.107195 0.211387 1.633217 1.;
769, l_hand -0.451973 0.161252 2.02907 1.;
770, r_hand 0.111368 0.210316 1.633633 1.;
771, 0.111368 0.210316 1.633633 1.;
772, l_hand -0.451852 0.161053 2.028821 1.;
773, r_hand 0.11424 0.209614 1.633954 1.;
774, 0.11424 0.209614 1.633954 1.;
775, l_hand -0.451716 0.160924 2.028566 1.;
776, r_hand 0.115676 0.209311 1.634183 1.;
777, 0.115676 0.209311 1.634183 1.;
778, l_hand -0.451502 0.160984 2.02818 1.;
779, r_hand 0.115802 0.209239 1.634364 1.;
780, 0.115802 0.209239 1.634364 1.;
781, l_hand -0.451242 0.161207 2.027697 1.;
782, r_hand 0.114907 0.209341 1.634482 1.;
783, 0.114907 0.209341 1.634482 1.;
784, l_hand -0.450979 0.161496 2.027207 1.;
785, r_hand 0.113171 0.209325 1.634589 1.;
786, 0.113171 0.209325 1.634589 1.;
787, l_hand -0.450618 0.161886 2.026681 1.;
788, r_hand 0.110508 0.208801 1.634718 1.;
789, 0.110508 0.208801 1.634718 1.;
790, l_hand -0.450255 0.162298 2.026169 1.;
791, r_hand 0.107869 0.208151 1.634801 1.;
792, 0.107869 0.208151 1.634801 1.;
793, l_hand -0.449606 0.163261 2.025236 1.;
794, r_hand 0.102223 0.206513 1.634077 1.;
795, 0.102223 0.206513 1.634077 1.;
796, l_hand -0.449353 0.163695 2.024874 1.;
797, r_hand 0.099715 0.206269 1.63297 1.;
798, 0.099715 0.206269 1.63297 1.;
799, l_hand -0.448956 0.164393 2.024348 1.;
800, r_hand 0.089264 0.228861 1.617216 1.;
801, 0.089264 0.228861 1.617216 1.;
802, l_hand -0.448821 0.164671 2.024169 1.;
803, r_hand 0.085143 0.26489 1.603346 1.;
804, 0.085143 0.26489 1.603346 1.;
805, l_hand -0.448711 0.164912 2.024035 1.;
806, r_hand 0.086013 0.312385 1.59218 1.;
807, 0.086013 0.312385 1.59218 1.;
808, l_hand -0.448636 0.165138 2.023942 1.;
809, r_hand 0.085389 0.364689 1.585093 1.;
810, 0.085389 0.364689 1.585093 1.;
811, l_hand -0.448591 0.16534 2.023883 1.;
812, r_hand 0.084066 0.398082 1.583351 1.;
813, 0.084066 0.398082 1.583351 1.;
814, l_hand -0.448638 0.16587 2.023858 1.;
815, r_hand 0.077648 0.493219 1.591315 1.;
816, 0.077648 0.493219 1.591315 1.;
817, l_hand -0.448714 0.166136 2.023891 1.;
818, r_hand 0.078217 0.5496 1.600259 1.;
819, 0.078217 0.5496 1.600259 1.;
820, l_hand -0.448798 0.166387 2.023939 1.;
821, r_hand 0.077913 0.583232 1.607334 1.;
822, 0.077913 0.583232 1.607334 1.;
823, l_hand -0.448873 0.16655 2.024001 1.;
824, r_hand 0.074929 0.610388 1.61528 1.;
825, 0.074929 0.610388 1.61528 1.;
826, l_hand -0.44894 0.166654 2.024083 1.;
827, r_hand 0.069672 0.605275 1.648858 1.;
828, 0.069672 0.605275 1.648858 1.;
829, l_hand -0.449022 0.166713 2.024189 1.;
830, r_hand 0.067811 0.617445 1.652622 1.;
831, 0.067811 0.617445 1.652622 1.;
832, l_hand -0.449117 0.166722 2.024319 1.;
833, r_hand 0.065964 0.624194 1.655448 1.;
834, 0.065964 0.624194 1.655448 1.;
835, l_hand -0.449237 0.166665 2.024489 1.;
836, r_hand 0.064295 0.629057 1.657245 1.;
837, 0.064295 0.629057 1.657245 1.;
838, l_hand -0.449722 0.16625 2.025067 1.;
839, r_hand 0.0616 0.6347 1.659162 1.;
840, 0.0616 0.6347 1.659162 1.;
841, l_hand -0.450016 0.16598 2.025387 1.;
842, r_hand 0.060545 0.636042 1.659692 1.;
843, 0.060545 0.636042 1.659692 1.;
844, l_hand -0.450723 0.165313 2.026153 1.;
845, r_hand 0.058782 0.636522 1.660427 1.;
846, 0.058782 0.636522 1.660427 1.;
847, l_hand -0.451146 0.164855 2.026618 1.;
848, r_hand 0.058046 0.635947 1.660681 1.;
849, 0.058046 0.635947 1.660681 1.;
850, l_hand -0.451539 0.164421 2.027062 1.;
851, r_hand 0.057409 0.635066 1.660848 1.;
852, 0.057409 0.635066 1.660848 1.;
853, l_hand -0.451979 0.16393 2.027555 1.;
854, r_hand 0.056892 0.634072 1.660931 1.;
855, 0.056892 0.634072 1.660931 1.;
856, l_hand -0.452401 0.163481 2.028047 1.;
857, r_hand 0.05641 0.632926 1.660859 1.;
858, 0.05641 0.632926 1.660859 1.;
859, l_hand -0.452784 0.16308 2.028505 1.;
860, r_hand 0.055798 0.631518 1.660406 1.;
861, 0.055798 0.631518 1.660406 1.;
862, l_hand -0.453138 0.162722 2.028973 1.;
863, r_hand 0.054966 0.629187 1.65957 1.;
864, 0.054966 0.629187 1.65957 1.;
865, l_hand -0.45374 0.162153 2.029912 1.;
866, r_hand 0.052896 0.621948 1.655783 1.;
867, 0.052896 0.621948 1.655783 1.;
868, l_hand -0.454026 0.16193 2.03042 1.;
869, r_hand 0.051894 0.617605 1.652454 1.;
870, 0.051894 0.617605 1.652454 1.;
871, l_hand -0.454304 0.16172 2.030991 1.;
872, r_hand 0.050982 0.613106 1.647944 1.;
873, 0.050982 0.613106 1.647944 1.;
874, l_hand -0.454547 0.16155 2.03156 1.;
875, r_hand 0.050678 0.606076 1.642593 1.;
876, 0.050678 0.606076 1.642593 1.;
877, l_hand -0.454759 0.161436 2.032194 1.;
878, r_hand 0.051639 0.596946 1.636024 1.;
879, 0.051639 0.596946 1.636024 1.;
880, l_hand -0.454907 0.161388 2.032833 1.;
881, r_hand 0.053428 0.589832 1.626727 1.;
882, 0.053428 0.589832 1.626727 1.;
883, l_hand -0.455055 0.161619 2.033633 1.;
884, r_hand 0.055719 0.577239 1.616933 1.;
885, 0.055719 0.577239 1.616933 1.;
886, l_hand -0.455213 0.161913 2.034427 1.;
887, r_hand 0.051284 0.525023 1.602915 1.;
888, 0.051284 0.525023 1.602915 1.;
889, l_hand -0.455357 0.162178 2.035151 1.;
890, r_hand 0.046131 0.477028 1.594362 1.;
891, 0.046131 0.477028 1.594362 1.;
892, l_hand -0.455486 0.16241 2.035804 1.;
893, r_hand 0.03769 0.420798 1.590234 1.;
894, 0.03769 0.420798 1.590234 1.;
895, l_hand -0.455613 0.16251 2.036497 1.;
896, r_hand 0.031766 0.38133 1.588305 1.;
897, 0.031766 0.38133 1.588305 1.;
898, l_hand -0.455718 0.162565 2.037178 1.;
899, r_hand 0.028337 0.350484 1.586759 1.;
900, 0.028337 0.350484 1.586759 1.;
901, l_hand -0.4558 0.162555 2.037922 1.;
902, r_hand 0.025447 0.301912 1.586091 1.;
903, 0.025447 0.301912 1.586091 1.;
904, l_hand -0.455802 0.162521 2.03874 1.;
905, r_hand 0.025478 0.276709 1.585277 1.;
906, 0.025478 0.276709 1.585277 1.;
907, l_hand -0.455764 0.16248 2.039555 1.;
908, r_hand 0.025764 0.261262 1.584541 1.;
909, 0.025764 0.261262 1.584541 1.;
910, l_hand -0.455708 0.162454 2.040277 1.;
911, r_hand 0.02641 0.25011 1.583923 1.;
912, 0.02641 0.25011 1.583923 1.;
913, l_hand -0.455621 0.162423 2.040962 1.;
914, r_hand 0.02706 0.240907 1.583632 1.;
915, 0.02706 0.240907 1.583632 1.;
916, l_hand -0.455512 0.162418 2.041577 1.;
917, r_hand 0.02764 0.234249 1.583442 1.;
918, 0.02764 0.234249 1.583442 1.;
919, l_hand -0.455351 0.162439 2.042127 1.;
920, r_hand 0.028159 0.229391 1.583332 1.;
921, 0.028159 0.229391 1.583332 1.;
922, l_hand -0.455132 0.162491 2.042615 1.;
923, r_hand 0.028586 0.225964 1.583264 1.;
924, 0.028586 0.225964 1.583264 1.;
925, l_hand -0.454913 0.162553 2.043019 1.;
926, r_hand 0.02905 0.223701 1.583259 1.;
927, 0.02905 0.223701 1.583259 1.;
928, l_hand -0.454639 0.162636 2.043374 1.;
929, r_hand 0.029463 0.222297 1.583283 1.;
930, 0.029463 0.222297 1.583283 1.;
931, l_hand -0.454249 0.162783 2.043723 1.;
932, r_hand 0.029879 0.221781 1.583348 1.;
933, 0.029879 0.221781 1.583348 1.;
934, l_hand -0.453803 0.162935 2.044042 1.;
935, r_hand 0.030249 0.221902 1.583446 1.;
936, 0.030249 0.221902 1.583446 1.;
937, l_hand -0.453379 0.163077 2.044319 1.;
938, r_hand 0.030552 0.222459 1.583566 1.;
939, 0.030552 0.222459 1.583566 1.;
940, l_hand -0.453005 0.1632 2.044545 1.;
941, r_hand 0.030752 0.223326 1.583739 1.;
942, 0.030752 0.223326 1.583739 1.;
943, l_hand -0.452676 0.163307 2.044732 1.;
944, r_hand 0.030857 0.224322 1.583985 1.;
945, 0.030857 0.224322 1.583985 1.;
946, l_hand -0.452381 0.163394 2.044891 1.;
947, r_hand 0.030853 0.225386 1.584394 1.;
948, 0.030853 0.225386 1.584394 1.;
949, l_hand -0.452072 0.163909 2.044984 1.;
950, r_hand 0.030793 0.226391 1.584908 1.;
951, 0.030793 0.226391 1.584908 1.;
952, l_hand -0.451773 0.164805 2.044937 1.;
953, r_hand 0.030739 0.227223 1.585445 1.;
954, 0.030739 0.227223 1.585445 1.;
955, l_hand -0.451511 0.165824 2.044801 1.;
956, r_hand 0.030734 0.227426 1.585982 1.;
957, 0.030734 0.227426 1.585982 1.;
958, l_hand -0.451267 0.166696 2.04466 1.;
959, r_hand 0.031308 0.220026 1.588588 1.;
960, 0.031308 0.220026 1.588588 1.;
961, l_hand -0.45106 0.167415 2.044524 1.;
962, r_hand 0.034441 0.198851 1.590194 1.;
963, 0.034441 0.198851 1.590194 1.;
964, l_hand -0.450859 0.16797 2.044414 1.;
965, r_hand 0.038575 0.167981 1.589835 1.;
966, 0.038575 0.167981 1.589835 1.;
967, l_hand -0.450591 0.168683 2.044229 1.;
968, r_hand 0.041127 0.128012 1.587715 1.;
969, 0.041127 0.128012 1.587715 1.;
970, l_hand -0.450341 0.169297 2.044068 1.;
971, r_hand 0.042976 0.08591 1.58693 1.;
972, 0.042976 0.08591 1.58693 1.;
973, l_hand -0.450103 0.169823 2.043934 1.;
974, r_hand 0.043285 0.046727 1.589581 1.;
975, 0.043285 0.046727 1.589581 1.;
976, l_hand -0.449878 0.17029 2.043837 1.;
977, r_hand 0.044547 0.01847 1.593002 1.;
978, 0.044547 0.01847 1.593002 1.;
979, l_hand -0.44967 0.170693 2.043761 1.;
980, r_hand 0.045622 -0.009082 1.598871 1.;
981, 0.045622 -0.009082 1.598871 1.;
982, l_hand -0.449494 0.171033 2.043708 1.;
983, r_hand 0.045973 -0.031478 1.605761 1.;
984, 0.045973 -0.031478 1.605761 1.;
985, l_hand -0.449347 0.171307 2.043683 1.;
986, r_hand 0.045315 -0.055334 1.615998 1.;
987, 0.045315 -0.055334 1.615998 1.;
988, l_hand -0.449231 0.171518 2.043676 1.;
989, r_hand 0.044995 -0.072819 1.62486 1.;
990, 0.044995 -0.072819 1.62486 1.;
991, l_hand -0.449139 0.171691 2.043679 1.;
992, r_hand 0.044878 -0.088034 1.633812 1.;
993, 0.044878 -0.088034 1.633812 1.;
994, l_hand -0.449062 0.171904 2.043705 1.;
995, r_hand 0.043988 -0.101459 1.642509 1.;
996, 0.043988 -0.101459 1.642509 1.;
997, l_hand -0.449003 0.172082 2.043737 1.;
998, r_hand 0.043623 -0.111579 1.649405 1.;
999, 0.043623 -0.111579 1.649405 1.;
1000, l_hand -0.448957 0.172233 2.04378 1.;
1001, r_hand 0.043062 -0.118863 1.654802 1.;
1002, 0.043062 -0.118863 1.654802 1.;
1003, l_hand -0.448926 0.172426 2.043837 1.;
1004, r_hand 0.042559 -0.12378 1.658663 1.;
1005, 0.042559 -0.12378 1.658663 1.;
1006, l_hand -0.448909 0.172703 2.043898 1.;
1007, r_hand 0.042236 -0.126987 1.661186 1.;
1008, 0.042236 -0.126987 1.661186 1.;
1009, l_hand -0.448961 0.173153 2.04394 1.;
1010, r_hand 0.041918 -0.128884 1.663042 1.;
1011, 0.041918 -0.128884 1.663042 1.;
1012, l_hand -0.449044 0.173676 2.04394 1.;
1013, r_hand 0.041561 -0.12889 1.664255 1.;
1014, 0.041561 -0.12889 1.664255 1.;
1015, l_hand -0.449137 0.174241 2.043913 1.;
1016, r_hand 0.040955 -0.122878 1.663746 1.;
1017, 0.040955 -0.122878 1.663746 1.;
1018, l_hand -0.449224 0.174718 2.043877 1.;
1019, r_hand 0.039186 -0.100962 1.657708 1.;
1020, 0.039186 -0.100962 1.657708 1.;
1021, l_hand -0.449303 0.175232 2.04382 1.;
1022, r_hand 0.038378 -0.07926 1.651002 1.;
1023, 0.038378 -0.07926 1.651002 1.;
1024, l_hand -0.449412 0.175763 2.043737 1.;
1025, r_hand 0.037162 -0.052379 1.642395 1.;
1026, 0.037162 -0.052379 1.642395 1.;
1027, l_hand -0.449503 0.176282 2.043648 1.;
1028, r_hand 0.037022 -0.028921 1.634978 1.;
1029, 0.037022 -0.028921 1.634978 1.;
1030, l_hand -0.449563 0.176768 2.043555 1.;
1031, r_hand 0.037257 -0.002357 1.627766 1.;
1032, 0.037257 -0.002357 1.627766 1.;
1033, l_hand -0.44963 0.177256 2.043446 1.;
1034, r_hand 0.036947 0.031219 1.619729 1.;
1035, 0.036947 0.031219 1.619729 1.;
1036, l_hand -0.449687 0.177684 2.043346 1.;
1037, r_hand 0.036363 0.051232 1.61574 1.;
1038, 0.036363 0.051232 1.61574 1.;
1039, l_hand -0.449703 0.177941 2.04328 1.;
1040, r_hand 0.036548 0.085546 1.610034 1.;
1041, 0.036548 0.085546 1.610034 1.;
1042, l_hand -0.449713 0.178099 2.043232 1.;
1043, r_hand 0.036091 0.106373 1.607388 1.;
1044, 0.036091 0.106373 1.607388 1.;
1045, l_hand -0.449715 0.178207 2.043191 1.;
1046, r_hand 0.036329 0.133741 1.605152 1.;
1047, 0.036329 0.133741 1.605152 1.;
1048, l_hand -0.449701 0.178252 2.043141 1.;
1049, r_hand 0.036221 0.150342 1.604118 1.;
1050, 0.036221 0.150342 1.604118 1.;
1051, l_hand -0.449675 0.178199 2.04307 1.;
1052, r_hand 0.035864 0.164098 1.604069 1.;
1053, 0.035864 0.164098 1.604069 1.;
1054, l_hand -0.449641 0.178117 2.042992 1.;
1055, r_hand 0.034931 0.174526 1.604663 1.;
1056, 0.034931 0.174526 1.604663 1.;
1057, l_hand -0.449615 0.178045 2.042907 1.;
1058, r_hand 0.034028 0.181707 1.605493 1.;
1059, 0.034028 0.181707 1.605493 1.;
1060, l_hand -0.449591 0.177978 2.042808 1.;
1061, r_hand 0.033193 0.186873 1.606422 1.;
1062, 0.033193 0.186873 1.606422 1.;
1063, l_hand -0.449581 0.177859 2.042683 1.;
1064, r_hand 0.032449 0.190368 1.607382 1.;
1065, 0.032449 0.190368 1.607382 1.;
1066, l_hand -0.449609 0.177758 2.042518 1.;
1067, r_hand 0.031721 0.19252 1.608472 1.;
1068, 0.031721 0.19252 1.608472 1.;
1069, l_hand -0.449645 0.177674 2.04234 1.;
1070, r_hand 0.031032 0.193488 1.609641 1.;
1071, 0.031032 0.193488 1.609641 1.;
1072, l_hand -0.449641 0.177574 2.04214 1.;
1073, r_hand 0.030413 0.193539 1.610807 1.;
1074, 0.030413 0.193539 1.610807 1.;
1075, l_hand -0.449639 0.177413 2.041894 1.;
1076, r_hand 0.029894 0.192988 1.611868 1.;
1077, 0.029894 0.192988 1.611868 1.;
1078, l_hand -0.449653 0.17726 2.041648 1.;
1079, r_hand 0.029469 0.192082 1.612789 1.;
1080, 0.029469 0.192082 1.612789 1.;
1081, l_hand -0.449679 0.177055 2.041393 1.;
1082, r_hand 0.029123 0.190973 1.613582 1.;
1083, 0.029123 0.190973 1.613582 1.;
1084, l_hand -0.449706 0.176882 2.041142 1.;
1085, r_hand 0.028854 0.189832 1.614231 1.;
1086, 0.028854 0.189832 1.614231 1.;
1087, l_hand -0.449754 0.176563 2.040871 1.;
1088, r_hand 0.02865 0.188725 1.614759 1.;
1089, 0.02865 0.188725 1.614759 1.;
1090, l_hand -0.449802 0.176252 2.040616 1.;
1091, r_hand 0.028493 0.187657 1.615198 1.;
1092, 0.028493 0.187657 1.615198 1.;
1093, l_hand -0.449885 0.176016 2.040354 1.;
1094, r_hand 0.02838 0.186676 1.615555 1.;
1095, 0.02838 0.186676 1.615555 1.;
1096, l_hand -0.44997 0.175799 2.040106 1.;
1097, r_hand 0.028305 0.185779 1.615848 1.;
1098, 0.028305 0.185779 1.615848 1.;
1099, l_hand -0.450059 0.175598 2.039873 1.;
1100, r_hand 0.02826 0.184976 1.616084 1.;
1101, 0.02826 0.184976 1.616084 1.;
1102, l_hand -0.450156 0.175417 2.039649 1.;
1103, r_hand 0.02824 0.184256 1.616275 1.;
1104, 0.02824 0.184256 1.616275 1.;
1105, l_hand -0.450251 0.175249 2.039439 1.;
1106, r_hand 0.028239 0.183615 1.616429 1.;
1107, 0.028239 0.183615 1.616429 1.;
1108, l_hand -0.45036 0.175126 2.039203 1.;
1109, r_hand 0.028259 0.183053 1.616552 1.;
1110, 0.028259 0.183053 1.616552 1.;
1111, l_hand -0.450471 0.175005 2.038969 1.;
1112, r_hand 0.028285 0.182568 1.61665 1.;
1113, 0.028285 0.182568 1.61665 1.;
1114, l_hand -0.45058 0.174894 2.038743 1.;
1115, r_hand 0.028312 0.18216 1.616726 1.;
1116, 0.028312 0.18216 1.616726 1.;
1117, l_hand -0.450681 0.174799 2.038531 1.;
1118, r_hand 0.028339 0.181821 1.616786 1.;
1119, 0.028339 0.181821 1.616786 1.;
1120, l_hand -0.450768 0.174711 2.038337 1.;
1121, r_hand 0.028366 0.181532 1.616833 1.;
1122, 0.028366 0.181532 1.616833 1.;
1123, l_hand -0.450869 0.174651 2.038101 1.;
1124, r_hand 0.028392 0.181289 1.616871 1.;
1125, 0.028392 0.181289 1.616871 1.;
1126, l_hand -0.45097 0.174628 2.03783 1.;
1127, r_hand 0.028414 0.181085 1.616902 1.;
1128, 0.028414 0.181085 1.616902 1.;
1129, l_hand -0.451053 0.174586 2.037519 1.;
1130, r_hand 0.028432 0.180915 1.616925 1.;
1131, 0.028432 0.180915 1.616925 1.;
1132, l_hand -0.451102 0.174541 2.03715 1.;
1133, r_hand 0.028449 0.180773 1.616943 1.;
1134, 0.028449 0.180773 1.616943 1.;
1135, l_hand -0.451128 0.174439 2.036717 1.;
1136, r_hand 0.028463 0.180653 1.616958 1.;
1137, 0.028463 0.180653 1.616958 1.;
1138, l_hand -0.451125 0.174303 2.036272 1.;
1139, r_hand 0.028476 0.180552 1.61697 1.;
1140, 0.028476 0.180552 1.61697 1.;
1141, l_hand -0.45109 0.174138 2.035838 1.;
1142, r_hand 0.028487 0.180462 1.616982 1.;
1143, 0.028487 0.180462 1.616982 1.;
1144, l_hand -0.450949 0.173806 2.035032 1.;
1145, r_hand 0.028508 0.180311 1.617004 1.;
1146, 0.028508 0.180311 1.617004 1.;
1147, l_hand -0.450875 0.173649 2.034695 1.;
1148, r_hand 0.028517 0.180248 1.617014 1.;
1149, 0.028517 0.180248 1.617014 1.;
1150, l_hand -0.450802 0.173485 2.034397 1.;
1151, r_hand 0.028526 0.180191 1.617024 1.;
1152, 0.028526 0.180191 1.617024 1.;
1153, l_hand -0.450719 0.173309 2.034122 1.;
1154, r_hand 0.028535 0.180141 1.617032 1.;
1155, 0.028535 0.180141 1.617032 1.;
1156, l_hand -0.450563 0.172976 2.033704 1.;
1157, r_hand 0.028549 0.180063 1.617044 1.;
1158, 0.028549 0.180063 1.617044 1.;
1159, l_hand -0.450496 0.172832 2.033544 1.;
1160, r_hand 0.028554 0.180033 1.617048 1.;
1161, 0.028554 0.180033 1.617048 1.;
1162, l_hand -0.450435 0.172704 2.033412 1.;
1163, r_hand 0.028559 0.180007 1.61705 1.;
1164, 0.028559 0.180007 1.61705 1.;
1165, l_hand -0.450342 0.17258 2.033297 1.;
1166, r_hand 0.028561 0.179985 1.617053 1.;
1167, 0.028561 0.179985 1.617053 1.;
1168, l_hand -0.450178 0.172449 2.033175 1.;
1169, r_hand 0.028563 0.179965 1.617055 1.;
1170, 0.028563 0.179965 1.617055 1.;
1171, l_hand -0.449933 0.172344 2.032975 1.;
1172, r_hand 0.028562 0.179949 1.617059 1.;
1173, 0.028562 0.179949 1.617059 1.;
1174, l_hand -0.449099 0.172435 2.032411 1.;
1175, r_hand 0.028561 0.179937 1.617063 1.;
1176, 0.028561 0.179937 1.617063 1.;
1177, l_hand -0.447072 0.172922 2.030665 1.;
1178, r_hand 0.028557 0.179933 1.617074 1.;
1179, 0.028557 0.179933 1.617074 1.;
1180, l_hand -0.438471 0.181347 2.01961 1.;
1181, r_hand 0.028552 0.179944 1.617111 1.;
1182, 0.028552 0.179944 1.617111 1.;
1183, l_hand -0.429044 0.191653 2.005551 1.;
1184, r_hand 0.028542 0.18003 1.617274 1.;
1185, 0.028542 0.18003 1.617274 1.;
1186, l_hand -0.417312 0.21179 1.981292 1.;
1187, r_hand 0.028539 0.180295 1.617679 1.;
1188, 0.028539 0.180295 1.617679 1.;
1189, l_hand -0.409739 0.220624 1.964143 1.;
1190, r_hand 0.028707 0.181559 1.618677 1.;
1191, 0.028707 0.181559 1.618677 1.;
1192, l_hand -0.379391 0.244111 1.880382 1.;
1193, r_hand 0.030829 0.188071 1.624221 1.;
1194, 0.030829 0.188071 1.624221 1.;
1195, l_hand -0.362728 0.24901 1.833183 1.;
1196, r_hand 0.03276 0.192594 1.628257 1.;
1197, 0.03276 0.192594 1.628257 1.;
1198, l_hand -0.336374 0.247533 1.757033 1.;
1199, r_hand 0.036252 0.201155 1.635635 1.;
1200, 0.036252 0.201155 1.635635 1.;
1201, l_hand -0.326569 0.238832 1.726811 1.;
1202, r_hand 0.037609 0.204437 1.638197 1.;
1203, 0.037609 0.204437 1.638197 1.;
1204, l_hand -0.319646 0.230485 1.697961 1.;
1205, r_hand 0.038708 0.206839 1.640038 1.;
1206, 0.038708 0.206839 1.640038 1.;
1207, l_hand -0.315062 0.221039 1.670764 1.;
1208, r_hand 0.039573 0.208558 1.64134 1.;
1209, 0.039573 0.208558 1.64134 1.;
1210, l_hand -0.313402 0.210069 1.650101 1.;
1211, r_hand 0.040348 0.209738 1.642249 1.;
1212, 0.040348 0.209738 1.642249 1.;
1213, l_hand -0.312439 0.202093 1.636828 1.;
1214, r_hand 0.041181 0.210431 1.642878 1.;
1215, 0.041181 0.210431 1.642878 1.;
1216, l_hand -0.311698 0.19709 1.628568 1.;
1217, r_hand 0.042737 0.210156 1.643315 1.;
1218, 0.042737 0.210156 1.643315 1.;
1219, l_hand -0.311262 0.193182 1.623482 1.;
1220, r_hand 0.045361 0.207968 1.643634 1.;
1221, 0.045361 0.207968 1.643634 1.;
1222, l_hand -0.310943 0.190334 1.621033 1.;
1223, r_hand 0.048395 0.203828 1.643864 1.;
1224, 0.048395 0.203828 1.643864 1.;
1225, l_hand -0.310518 0.188933 1.620325 1.;
1226, r_hand 0.051053 0.19961 1.644007 1.;
1227, 0.051053 0.19961 1.644007 1.;
1228, l_hand -0.30972 0.189267 1.621175 1.;
1229, r_hand 0.053267 0.196115 1.644033 1.;
1230, 0.053267 0.196115 1.644033 1.;
1231, l_hand -0.30876 0.190414 1.623213 1.;
1232, r_hand 0.055457 0.193018 1.643917 1.;
1233, 0.055457 0.193018 1.643917 1.;
1234, l_hand -0.307796 0.192134 1.625667 1.;
1235, r_hand 0.057248 0.190734 1.643731 1.;
1236, 0.057248 0.190734 1.643731 1.;
1237, l_hand -0.306837 0.194064 1.628133 1.;
1238, r_hand 0.058802 0.18896 1.643514 1.;
1239, 0.058802 0.18896 1.643514 1.;
1240, l_hand -0.306001 0.196213 1.630345 1.;
1241, r_hand 0.060049 0.187621 1.643295 1.;
1242, 0.060049 0.187621 1.643295 1.;
1243, l_hand -0.305372 0.198443 1.632219 1.;
1244, r_hand 0.061026 0.186647 1.643093 1.;
1245, 0.061026 0.186647 1.643093 1.;
1246, l_hand -0.304954 0.200308 1.633721 1.;
1247, r_hand 0.061805 0.185927 1.642912 1.;
1248, 0.061805 0.185927 1.642912 1.;
1249, l_hand -0.304728 0.201836 1.634901 1.;
1250, r_hand 0.068573 0.199423 1.595856 1.;
1251, 0.068573 0.199423 1.595856 1.;
1252, l_hand -0.304958 0.20345 1.635826 1.;
1253, r_hand 0.069323 0.195463 1.60559 1.;
1254, 0.069323 0.195463 1.60559 1.;
1255, l_hand -0.306107 0.205128 1.636514 1.;
1256, r_hand 0.069621 0.191987 1.615706 1.;
1257, 0.069621 0.191987 1.615706 1.;
1258, l_hand -0.308029 0.206727 1.636943 1.;
1259, r_hand 0.070406 0.190107 1.623166 1.;
1260, 0.070406 0.190107 1.623166 1.;
1261, l_hand -0.311818 0.207916 1.637069 1.;
1262, r_hand 0.071247 0.190022 1.628004 1.;
1263, 0.071247 0.190022 1.628004 1.;
1264, l_hand -0.317418 0.208337 1.636804 1.;
1265, r_hand 0.072857 0.194019 1.632073 1.;
1266, 0.072857 0.194019 1.632073 1.;
1267, l_hand -0.326207 0.205947 1.636562 1.;
1268, r_hand 0.075056 0.201777 1.63527 1.;
1269, 0.075056 0.201777 1.63527 1.;
1270, l_hand -0.336523 0.199876 1.636671 1.;
1271, r_hand 0.077408 0.213001 1.637253 1.;
1272, 0.077408 0.213001 1.637253 1.;
1273, l_hand -0.34904 0.185328 1.639361 1.;
1274, r_hand 0.078555 0.243909 1.635683 1.;
1275, 0.078555 0.243909 1.635683 1.;
1276, l_hand -0.357864 0.172223 1.641849 1.;
1277, r_hand 0.077861 0.27703 1.632658 1.;
1278, 0.077861 0.27703 1.632658 1.;
1279, l_hand -0.365175 0.154865 1.645188 1.;
1280, r_hand 0.076322 0.305274 1.630452 1.;
1281, 0.076322 0.305274 1.630452 1.;
1282, l_hand -0.368176 0.134756 1.650162 1.;
1283, r_hand 0.072561 0.332678 1.629012 1.;
1284, 0.072561 0.332678 1.629012 1.;
1285, l_hand -0.366749 0.107201 1.658141 1.;
1286, r_hand 0.065548 0.371922 1.626656 1.;
1287, 0.065548 0.371922 1.626656 1.;
1288, l_hand -0.361758 0.081828 1.666187 1.;
1289, r_hand 0.060488 0.391082 1.625852 1.;
1290, 0.060488 0.391082 1.625852 1.;
1291, l_hand -0.355564 0.063008 1.672303 1.;
1292, r_hand 0.046022 0.419868 1.625403 1.;
1293, 0.046022 0.419868 1.625403 1.;
1294, l_hand -0.346096 0.043133 1.680064 1.;
1295, r_hand 0.035374 0.436478 1.625812 1.;
1296, 0.035374 0.436478 1.625812 1.;
1297, l_hand -0.339081 0.029797 1.684753 1.;
1298, r_hand 0.01232 0.465003 1.627917 1.;
1299, 0.01232 0.465003 1.627917 1.;
1300, l_hand -0.323567 0.007922 1.69499 1.;
1301, r_hand -0.000368 0.478539 1.629254 1.;
1302, -0.000368 0.478539 1.629254 1.;
1303, l_hand -0.309507 -0.007121 1.70191 1.;
1304, r_hand -0.026529 0.492043 1.632656 1.;
1305, -0.026529 0.492043 1.632656 1.;
1306, l_hand -0.295729 -0.016903 1.706034 1.;
1307, r_hand -0.044154 0.499106 1.634747 1.;
1308, -0.044154 0.499106 1.634747 1.;
1309, l_hand -0.279802 -0.025182 1.709401 1.;
1310, r_hand -0.058152 0.491482 1.63648 1.;
1311, -0.058152 0.491482 1.63648 1.;
1312, l_hand -0.264683 -0.031493 1.712251 1.;
1313, r_hand -0.094943 0.521098 1.63838 1.;
1314, -0.094943 0.521098 1.63838 1.;
1315, l_hand -0.248505 -0.036467 1.715058 1.;
1316, r_hand -0.111925 0.533112 1.639167 1.;
1317, -0.111925 0.533112 1.639167 1.;
1318, l_hand -0.236171 -0.039858 1.717212 1.;
1319, r_hand -0.12268 0.53881 1.639646 1.;
1320, -0.12268 0.53881 1.639646 1.;
1321, l_hand -0.225305 -0.042619 1.719172 1.;
1322, r_hand -0.133154 0.541172 1.639891 1.;
1323, -0.133154 0.541172 1.639891 1.;
1324, l_hand -0.216249 -0.044683 1.720935 1.;
1325, r_hand -0.143078 0.541044 1.640148 1.;
1326, -0.143078 0.541044 1.640148 1.;
1327, l_hand -0.210047 -0.04617 1.722205 1.;
1328, r_hand -0.150846 0.539446 1.640408 1.;
1329, -0.150846 0.539446 1.640408 1.;
1330, l_hand -0.205821 -0.047133 1.723085 1.;
1331, r_hand -0.159317 0.535516 1.640975 1.;
1332, -0.159317 0.535516 1.640975 1.;
1333, l_hand -0.20294 -0.047818 1.72369 1.;
1334, r_hand -0.165166 0.532218 1.64145 1.;
1335, -0.165166 0.532218 1.64145 1.;
1336, l_hand -0.210542 -0.045685 1.70702 1.;
1337, r_hand -0.169169 0.5295 1.641829 1.;
1338, -0.169169 0.5295 1.641829 1.;
1339, l_hand -0.209475 -0.045404 1.707298 1.;
1340, r_hand -0.171794 0.527371 1.642132 1.;
1341, -0.171794 0.527371 1.642132 1.;
1342, l_hand -0.208633 -0.045071 1.708855 1.;
1343, r_hand -0.173454 0.525656 1.642358 1.;
1344, -0.173454 0.525656 1.642358 1.;
1345, l_hand -0.208511 -0.044724 1.710918 1.;
1346, r_hand -0.174372 0.524331 1.642516 1.;
1347, -0.174372 0.524331 1.642516 1.;
1348, l_hand -0.209062 -0.04429 1.713077 1.;
1349, r_hand -0.174467 0.523362 1.642624 1.;
1350, -0.174467 0.523362 1.642624 1.;
1351, l_hand -0.21034 -0.043722 1.715226 1.;
1352, r_hand -0.172812 0.523035 1.642634 1.;
1353, -0.172812 0.523035 1.642634 1.;
1354, l_hand -0.212716 -0.0429 1.717241 1.;
1355, r_hand -0.16869 0.523669 1.642488 1.;
1356, -0.16869 0.523669 1.642488 1.;
1357, l_hand -0.216925 -0.041262 1.718879 1.;
1358, r_hand -0.159307 0.528565 1.64257 1.;
1359, -0.159307 0.528565 1.64257 1.;
1360, l_hand -0.223138 -0.038358 1.719696 1.;
1361, r_hand -0.145796 0.534799 1.642479 1.;
1362, -0.145796 0.534799 1.642479 1.;
1363, l_hand -0.232312 -0.033148 1.718922 1.;
1364, r_hand -0.129849 0.541419 1.642438 1.;
1365, -0.129849 0.541419 1.642438 1.;
1366, l_hand -0.245995 -0.024197 1.715171 1.;
1367, r_hand -0.112626 0.546119 1.642429 1.;
1368, -0.112626 0.546119 1.642429 1.;
1369, l_hand -0.262322 -0.011426 1.708994 1.;
1370, r_hand -0.086361 0.549228 1.642298 1.;
1371, -0.086361 0.549228 1.642298 1.;
1372, l_hand -0.27386 -0.000101 1.704038 1.;
1373, r_hand -0.066699 0.550376 1.642634 1.;
1374, -0.066699 0.550376 1.642634 1.;
1375, l_hand -0.288566 0.016059 1.697491 1.;
1376, r_hand -0.035017 0.548392 1.642157 1.;
1377, -0.035017 0.548392 1.642157 1.;
1378, l_hand -0.298463 0.028391 1.694982 1.;
1379, r_hand -0.000749 0.543812 1.640845 1.;
1380, -0.000749 0.543812 1.640845 1.;
1381, l_hand -0.314138 0.04983 1.693297 1.;
1382, r_hand 0.036872 0.526044 1.63958 1.;
1383, 0.036872 0.526044 1.63958 1.;
1384, l_hand -0.336133 0.091871 1.674474 1.;
1385, r_hand 0.053944 0.517918 1.639061 1.;
1386, 0.053944 0.517918 1.639061 1.;
1387, l_hand -0.350144 0.122586 1.661497 1.;
1388, r_hand 0.069487 0.508494 1.639776 1.;
1389, 0.069487 0.508494 1.639776 1.;
1390, l_hand -0.360567 0.151512 1.651693 1.;
1391, r_hand 0.084465 0.498017 1.641391 1.;
1392, 0.084465 0.498017 1.641391 1.;
1393, l_hand -0.367671 0.182772 1.643455 1.;
1394, r_hand 0.103316 0.482698 1.644499 1.;
1395, 0.103316 0.482698 1.644499 1.;
1396, l_hand -0.371026 0.213158 1.637186 1.;
1397, r_hand 0.123709 0.466076 1.648375 1.;
1398, 0.123709 0.466076 1.648375 1.;
1399, l_hand -0.370397 0.239264 1.633267 1.;
1400, r_hand 0.154658 0.44023 1.653212 1.;
1401, 0.154658 0.44023 1.653212 1.;
1402, l_hand -0.366597 0.268036 1.63057 1.;
1403, r_hand 0.172589 0.422885 1.655477 1.;
1404, 0.172589 0.422885 1.655477 1.;
1405, l_hand -0.36009 0.29348 1.629718 1.;
1406, r_hand 0.18847 0.405052 1.65759 1.;
1407, 0.18847 0.405052 1.65759 1.;
1408, l_hand -0.351286 0.324065 1.63015 1.;
1409, r_hand 0.202048 0.387801 1.659284 1.;
1410, 0.202048 0.387801 1.659284 1.;
1411, l_hand -0.340928 0.351362 1.631565 1.;
1412, r_hand 0.2168 0.364985 1.660963 1.;
1413, 0.2168 0.364985 1.660963 1.;
1414, l_hand -0.32904 0.380424 1.633118 1.;
1415, r_hand 0.232052 0.322832 1.662846 1.;
1416, 0.232052 0.322832 1.662846 1.;
1417, l_hand -0.317816 0.405178 1.634676 1.;
1418, r_hand 0.239471 0.301381 1.663495 1.;
1419, 0.239471 0.301381 1.663495 1.;
1420, l_hand -0.306025 0.423419 1.636667 1.;
1421, r_hand 0.246995 0.274335 1.665482 1.;
1422, 0.246995 0.274335 1.665482 1.;
1423, l_hand -0.294535 0.438365 1.638156 1.;
1424, r_hand 0.25153 0.249239 1.667395 1.;
1425, 0.25153 0.249239 1.667395 1.;
1426, l_hand -0.281055 0.452711 1.63947 1.;
1427, r_hand 0.255355 0.226668 1.669843 1.;
1428, 0.255355 0.226668 1.669843 1.;
1429, l_hand -0.266282 0.464216 1.641057 1.;
1430, r_hand 0.256723 0.206523 1.671766 1.;
1431, 0.256723 0.206523 1.671766 1.;
1432, l_hand -0.246898 0.478845 1.64351 1.;
1433, r_hand 0.256735 0.180531 1.674945 1.;
1434, 0.256735 0.180531 1.674945 1.;
1435, l_hand -0.228576 0.492268 1.645961 1.;
1436, r_hand 0.247138 0.141212 1.681491 1.;
1437, 0.247138 0.141212 1.681491 1.;
1438, l_hand -0.21064 0.502127 1.648064 1.;
1439, r_hand 0.24034 0.119331 1.683413 1.;
1440, 0.24034 0.119331 1.683413 1.;
1441, l_hand -0.193021 0.50783 1.650604 1.;
1442, r_hand 0.221963 0.082844 1.685017 1.;
1443, 0.221963 0.082844 1.685017 1.;
1444, l_hand -0.173132 0.51001 1.654054 1.;
1445, r_hand 0.193495 0.045865 1.68813 1.;
1446, 0.193495 0.045865 1.68813 1.;
1447, l_hand -0.148536 0.511208 1.660341 1.;
1448, r_hand 0.169302 0.024528 1.688845 1.;
1449, 0.169302 0.024528 1.688845 1.;
1450, l_hand -0.12896 0.510149 1.665834 1.;
1451, r_hand 0.12768 0.000264 1.689515 1.;
1452, 0.12768 0.000264 1.689515 1.;
1453, l_hand -0.112487 0.507751 1.670986 1.;
1454, r_hand 0.108608 -0.009548 1.6887 1.;
1455, 0.108608 -0.009548 1.6887 1.;
1456, l_hand -0.097317 0.504874 1.67603 1.;
1457, r_hand 0.09228 -0.014916 1.686705 1.;
1458, 0.09228 -0.014916 1.686705 1.;
1459, l_hand -0.086662 0.503032 1.679626 1.;
1460, r_hand 0.073022 -0.016047 1.681724 1.;
1461, 0.073022 -0.016047 1.681724 1.;
1462, l_hand -0.07688 0.500759 1.683006 1.;
1463, r_hand 0.057198 -0.017256 1.678024 1.;
1464, 0.057198 -0.017256 1.678024 1.;
1465, l_hand -0.041643 0.467927 1.700582 1.;
1466, r_hand 0.027024 -0.021163 1.673715 1.;
1467, 0.027024 -0.021163 1.673715 1.;
1468, l_hand -0.036192 0.464728 1.702856 1.;
1469, r_hand 0.01819 -0.022474 1.672755 1.;
1470, 0.01819 -0.022474 1.672755 1.;
1471, l_hand -0.032873 0.463999 1.704028 1.;
1472, r_hand 0.012232 -0.023352 1.67209 1.;
1473, 0.012232 -0.023352 1.67209 1.;
1474, l_hand -0.031875 0.465648 1.704115 1.;
1475, r_hand 0.007979 -0.023994 1.671642 1.;
1476, 0.007979 -0.023994 1.671642 1.;
1477, l_hand -0.032379 0.468786 1.703532 1.;
1478, r_hand 0.004896 -0.02446 1.671321 1.;
1479, 0.004896 -0.02446 1.671321 1.;
1480, l_hand -0.035272 0.475458 1.701712 1.;
1481, r_hand 0.001119 -0.024963 1.670962 1.;
1482, 0.001119 -0.024963 1.670962 1.;
1483, l_hand -0.036886 0.478204 1.700791 1.;
1484, r_hand 0.000256 -0.024985 1.670944 1.;
1485, 0.000256 -0.024985 1.670944 1.;
1486, l_hand -0.038527 0.480733 1.699925 1.;
1487, r_hand 0.000151 -0.024937 1.671068 1.;
1488, 0.000151 -0.024937 1.671068 1.;
1489, l_hand -0.040628 0.483481 1.698964 1.;
1490, r_hand 0.001148 -0.024905 1.671408 1.;
1491, 0.001148 -0.024905 1.671408 1.;
1492, l_hand -0.0563 0.512764 1.691267 1.;
1493, r_hand 0.017182 -0.025245 1.673898 1.;
1494, 0.017182 -0.025245 1.673898 1.;
1495, l_hand -0.06486 0.510634 1.687918 1.;
1496, r_hand 0.030228 -0.024268 1.675071 1.;
1497, 0.030228 -0.024268 1.675071 1.;
1498, l_hand -0.087886 0.501997 1.679526 1.;
1499, r_hand 0.068136 -0.016707 1.67857 1.;
1500, 0.068136 -0.016707 1.67857 1.;
1501, l_hand -0.105208 0.499105 1.672742 1.;
1502, r_hand 0.086571 -0.009617 1.681944 1.;
1503, 0.086571 -0.009617 1.681944 1.;
1504, l_hand -0.117668 0.497404 1.667944 1.;
1505, r_hand 0.105084 -0.000134 1.683484 1.;
1506, 0.105084 -0.000134 1.683484 1.;
1507, l_hand -0.129202 0.494259 1.663674 1.;
1508, r_hand 0.125473 0.012105 1.685323 1.;
1509, 0.125473 0.012105 1.685323 1.;
1510, l_hand -0.162822 0.485523 1.651264 1.;
1511, r_hand 0.156947 0.033297 1.683406 1.;
1512, 0.156947 0.033297 1.683406 1.;
1513, l_hand -0.179656 0.480929 1.645477 1.;
1514, r_hand 0.175766 0.047893 1.681656 1.;
1515, 0.175766 0.047893 1.681656 1.;
1516, l_hand -0.202509 0.477984 1.638752 1.;
1517, r_hand 0.187845 0.058635 1.680534 1.;
1518, 0.187845 0.058635 1.680534 1.;
1519, l_hand -0.217658 0.476433 1.634793 1.;
1520, r_hand 0.20533 0.086324 1.675835 1.;
1521, 0.20533 0.086324 1.675835 1.;
1522, l_hand -0.232894 0.472543 1.631774 1.;
1523, r_hand 0.214212 0.103085 1.672989 1.;
1524, 0.214212 0.103085 1.672989 1.;
1525, l_hand -0.250394 0.463296 1.629901 1.;
1526, r_hand 0.220352 0.124338 1.669027 1.;
1527, 0.220352 0.124338 1.669027 1.;
1528, l_hand -0.266176 0.450737 1.629472 1.;
1529, r_hand 0.225012 0.145704 1.665232 1.;
1530, 0.225012 0.145704 1.665232 1.;
1531, l_hand -0.280139 0.436406 1.630065 1.;
1532, r_hand 0.227572 0.16282 1.66281 1.;
1533, 0.227572 0.16282 1.66281 1.;
1534, l_hand -0.29095 0.423983 1.631654 1.;
1535, r_hand 0.22805 0.184949 1.660409 1.;
1536, 0.22805 0.184949 1.660409 1.;
1537, l_hand -0.29979 0.411872 1.633761 1.;
1538, r_hand 0.227116 0.202825 1.659209 1.;
1539, 0.227116 0.202825 1.659209 1.;
1540, l_hand -0.309864 0.389967 1.638912 1.;
1541, r_hand 0.223488 0.220148 1.658908 1.;
1542, 0.223488 0.220148 1.658908 1.;
1543, l_hand -0.316027 0.376045 1.642213 1.;
1544, r_hand 0.216586 0.238449 1.659535 1.;
1545, 0.216586 0.238449 1.659535 1.;
1546, l_hand -0.323904 0.353834 1.648125 1.;
1547, r_hand 0.210888 0.25083 1.660267 1.;
1548, 0.210888 0.25083 1.660267 1.;
1549, l_hand -0.328038 0.340075 1.652019 1.;
1550, r_hand 0.202428 0.263567 1.661655 1.;
1551, 0.202428 0.263567 1.661655 1.;
1552, l_hand -0.331634 0.321769 1.657487 1.;
1553, r_hand 0.196262 0.271043 1.663137 1.;
1554, 0.196262 0.271043 1.663137 1.;
1555, l_hand -0.333933 0.307476 1.66168 1.;
1556, r_hand 0.189696 0.276774 1.665191 1.;
1557, 0.189696 0.276774 1.665191 1.;
1558, l_hand -0.334798 0.293457 1.665994 1.;
1559, r_hand 0.183736 0.28082 1.667527 1.;
1560, 0.183736 0.28082 1.667527 1.;
1561, l_hand -0.334795 0.280378 1.670114 1.;
1562, r_hand 0.176262 0.283424 1.670592 1.;
1563, 0.176262 0.283424 1.670592 1.;
1564, l_hand -0.333123 0.263527 1.675795 1.;
1565, r_hand 0.16835 0.283422 1.674283 1.;
1566, 0.16835 0.283422 1.674283 1.;
1567, l_hand -0.331698 0.253181 1.679273 1.;
1568, r_hand 0.149501 0.270967 1.682611 1.;
1569, 0.149501 0.270967 1.682611 1.;
1570, l_hand -0.329204 0.242977 1.68236 1.;
1571, r_hand 0.137705 0.261943 1.687235 1.;
1572, 0.137705 0.261943 1.687235 1.;
1573, l_hand -0.3265 0.234059 1.684441 1.;
1574, r_hand 0.127555 0.252124 1.689757 1.;
1575, 0.127555 0.252124 1.689757 1.;
1576, l_hand -0.323751 0.225541 1.685388 1.;
1577, r_hand 0.119543 0.243201 1.690506 1.;
1578, 0.119543 0.243201 1.690506 1.;
1579, l_hand -0.319626 0.213053 1.685989 1.;
1580, r_hand 0.11397 0.235117 1.689674 1.;
1581, 0.11397 0.235117 1.689674 1.;
1582, l_hand -0.317462 0.205232 1.686042 1.;
1583, r_hand 0.110013 0.227702 1.687896 1.;
1584, 0.110013 0.227702 1.687896 1.;
1585, l_hand -0.316182 0.200208 1.686009 1.;
1586, r_hand 0.107569 0.2213 1.686 1.;
1587, 0.107569 0.2213 1.686 1.;
1588, l_hand -0.315375 0.196867 1.685999 1.;
1589, r_hand 0.106204 0.216927 1.684564 1.;
1590, 0.106204 0.216927 1.684564 1.;
1591, l_hand -0.314815 0.194561 1.685997 1.;
1592, r_hand 0.105445 0.213977 1.683456 1.;
1593, 0.105445 0.213977 1.683456 1.;
1594, l_hand -0.314467 0.192986 1.685899 1.;
1595, r_hand 0.105132 0.211963 1.682552 1.;
1596, 0.105132 0.211963 1.682552 1.;
1597, l_hand -0.31435 0.192069 1.685682 1.;
1598, r_hand 0.105164 0.210624 1.681775 1.;
1599, 0.105164 0.210624 1.681775 1.;
1600, l_hand -0.314411 0.19173 1.685383 1.;
1601, r_hand 0.105456 0.209817 1.681116 1.;
1602, 0.105456 0.209817 1.681116 1.;
1603, l_hand -0.314599 0.191822 1.685054 1.;
1604, r_hand 0.105872 0.209404 1.680597 1.;
1605, 0.105872 0.209404 1.680597 1.;
1606, l_hand -0.314867 0.19221 1.684738 1.;
1607, r_hand 0.106365 0.2093 1.68024 1.;
1608, 0.106365 0.2093 1.68024 1.;
1609, l_hand -0.315238 0.193003 1.684496 1.;
1610, r_hand 0.107007 0.209598 1.68014 1.;
1611, 0.107007 0.209598 1.68014 1.;
1612, l_hand -0.31566 0.193894 1.684478 1.;
1613, r_hand 0.107809 0.210258 1.680633 1.;
1614, 0.107809 0.210258 1.680633 1.;
1615, l_hand -0.316247 0.195489 1.684899 1.;
1616, r_hand 0.108922 0.211368 1.682587 1.;
1617, 0.108922 0.211368 1.682587 1.;
1618, l_hand -0.317103 0.197936 1.686425 1.;
1619, r_hand 0.110604 0.213389 1.687927 1.;
1620, 0.110604 0.213389 1.687927 1.;
1621, l_hand -0.31955 0.202237 1.691528 1.;
1622, r_hand 0.112976 0.216229 1.69971 1.;
1623, 0.112976 0.216229 1.69971 1.;
1624, l_hand -0.323456 0.207863 1.701622 1.;
1625, r_hand 0.11766 0.221778 1.717637 1.;
1626, 0.11766 0.221778 1.717637 1.;
1627, l_hand -0.329117 0.213558 1.717857 1.;
1628, r_hand 0.124125 0.224818 1.739768 1.;
1629, 0.124125 0.224818 1.739768 1.;
1630, l_hand -0.337834 0.219649 1.738593 1.;
1631, r_hand 0.130529 0.227648 1.763982 1.;
1632, 0.130529 0.227648 1.763982 1.;
1633, l_hand -0.348603 0.224799 1.759763 1.;
1634, r_hand 0.137479 0.231514 1.7884 1.;
1635, 0.137479 0.231514 1.7884 1.;
1636, l_hand -0.360037 0.229444 1.780507 1.;
1637, r_hand 0.143651 0.232753 1.816512 1.;
1638, 0.143651 0.232753 1.816512 1.;
1639, l_hand -0.372111 0.233756 1.80323 1.;
1640, r_hand 0.148352 0.232576 1.84096 1.;
1641, 0.148352 0.232576 1.84096 1.;
1642, l_hand -0.383014 0.237451 1.823735 1.;
1643, r_hand 0.15226 0.232399 1.864025 1.;
1644, 0.15226 0.232399 1.864025 1.;
1645, l_hand -0.393924 0.239804 1.845078 1.;
1646, r_hand 0.156983 0.229534 1.8941 1.;
1647, 0.156983 0.229534 1.8941 1.;
1648, l_hand -0.404601 0.241603 1.869802 1.;
1649, r_hand 0.15965 0.227732 1.915152 1.;
1650, 0.15965 0.227732 1.915152 1.;
1651, l_hand -0.412337 0.24326 1.891587 1.;
1652, r_hand 0.164744 0.227256 1.945411 1.;
1653, 0.164744 0.227256 1.945411 1.;
1654, l_hand -0.418141 0.244766 1.909693 1.;
1655, r_hand 0.16703 0.226791 1.965641 1.;
1656, 0.16703 0.226791 1.965641 1.;
1657, l_hand -0.422957 0.244778 1.926343 1.;
1658, r_hand 0.168515 0.22619 1.981583 1.;
1659, 0.168515 0.22619 1.981583 1.;
1660, l_hand -0.426274 0.245225 1.938204 1.;
1661, r_hand 0.169724 0.226317 1.992399 1.;
1662, 0.169724 0.226317 1.992399 1.;
1663, l_hand -0.428598 0.245578 1.946769 1.;
1664, r_hand 0.170691 0.226737 2.000384 1.;
1665, 0.170691 0.226737 2.000384 1.;
1666, l_hand -0.43006 0.245632 1.953674 1.;
1667, r_hand 0.17139 0.227172 2.006227 1.;
1668, 0.17139 0.227172 2.006227 1.;
1669, l_hand -0.430862 0.245234 1.95895 1.;
1670, r_hand 0.171756 0.227394 2.010828 1.;
1671, 0.171756 0.227394 2.010828 1.;
1672, l_hand -0.431237 0.244792 1.962849 1.;
1673, r_hand 0.171457 0.226931 2.014856 1.;
1674, 0.171457 0.226931 2.014856 1.;
1675, l_hand -0.431328 0.244212 1.965854 1.;
1676, r_hand 0.170126 0.224106 2.01915 1.;
1677, 0.170126 0.224106 2.01915 1.;
1678, l_hand -0.43125 0.243439 1.96809 1.;
1679, r_hand 0.168473 0.22023 2.02274 1.;
1680, 0.168473 0.22023 2.02274 1.;
1681, l_hand -0.4298 0.238836 1.969992 1.;
1682, r_hand 0.167086 0.216952 2.025051 1.;
1683, 0.167086 0.216952 2.025051 1.;
1684, l_hand -0.421672 0.19384 1.974551 1.;
1685, r_hand 0.165402 0.201999 2.026654 1.;
1686, 0.165402 0.201999 2.026654 1.;
1687, l_hand -0.413401 0.149725 1.975373 1.;
1688, r_hand 0.164224 0.159015 2.028044 1.;
1689, 0.164224 0.159015 2.028044 1.;
1690, l_hand -0.408708 0.136551 1.972147 0.5;
1691, r_hand 0.163593 0.109337 2.02531 1.;
1692, 0.163593 0.109337 2.02531 1.;
1693, l_hand -0.405072 0.063954 1.9651 1.;
1694, r_hand 0.164722 0.05288 2.019145 1.;
1695, 0.164722 0.05288 2.019145 1.;
1696, l_hand -0.40362 -0.006805 1.947737 1.;
1697, r_hand 0.164836 -0.007331 2.00825 1.;
1698, 0.164836 -0.007331 2.00825 1.;
1699, l_hand -0.409389 -0.075708 1.925919 1.;
1700, r_hand 0.16929 -0.064343 1.987269 1.;
1701, 0.16929 -0.064343 1.987269 1.;
1702, l_hand -0.416389 -0.145952 1.913322 1.;
1703, r_hand 0.178472 -0.121662 1.975084 1.;
1704, 0.178472 -0.121662 1.975084 1.;
1705, l_hand -0.41709 -0.213274 1.918302 1.;
1706, r_hand 0.184399 -0.17965 1.974847 1.;
1707, 0.184399 -0.17965 1.974847 1.;
1708, l_hand -0.416035 -0.250497 1.95505 1.;
1709, r_hand 0.186151 -0.238485 1.987516 1.;
1710, 0.186151 -0.238485 1.987516 1.;
1711, l_hand -0.415752 -0.301735 1.984888 1.;
1712, r_hand 0.182343 -0.279421 2.0238 1.;
1713, 0.182343 -0.279421 2.0238 1.;
1714, l_hand -0.414871 -0.337629 2.017641 1.;
1715, r_hand 0.176142 -0.319043 2.056973 1.;
1716, 0.176142 -0.319043 2.056973 1.;
1717, l_hand -0.415127 -0.363445 2.044256 1.;
1718, r_hand 0.169482 -0.356126 2.089443 1.;
1719, 0.169482 -0.356126 2.089443 1.;
1720, l_hand -0.413275 -0.382727 2.075763 1.;
1721, r_hand 0.165775 -0.373925 2.106945 1.;
1722, 0.165775 -0.373925 2.106945 1.;
1723, l_hand -0.413416 -0.39615 2.100088 1.;
1724, r_hand 0.158448 -0.386442 2.131787 1.;
1725, 0.158448 -0.386442 2.131787 1.;
1726, l_hand -0.412909 -0.401903 2.116764 1.;
1727, r_hand 0.153427 -0.393969 2.14715 1.;
1728, 0.153427 -0.393969 2.14715 1.;
1729, l_hand -0.411871 -0.400449 2.132449 1.;
1730, r_hand 0.149057 -0.397277 2.158629 1.;
1731, 0.149057 -0.397277 2.158629 1.;
1732, l_hand -0.410754 -0.399208 2.141543 1.;
1733, r_hand 0.144501 -0.397291 2.16976 1.;
1734, 0.144501 -0.397291 2.16976 1.;
1735, l_hand -0.409464 -0.396545 2.14738 1.;
1736, r_hand 0.140727 -0.395825 2.17806 1.;
1737, 0.140727 -0.395825 2.17806 1.;
1738, l_hand -0.40806 -0.392017 2.15018 1.;
1739, r_hand 0.13722 -0.392199 2.184806 1.;
1740, 0.13722 -0.392199 2.184806 1.;
1741, l_hand -0.406876 -0.386981 2.150925 1.;
1742, r_hand 0.134797 -0.389208 2.189594 1.;
1743, 0.134797 -0.389208 2.189594 1.;
1744, l_hand -0.405935 -0.380181 2.150664 1.;
1745, r_hand 0.132027 -0.386045 2.195058 1.;
1746, 0.132027 -0.386045 2.195058 1.;
1747, l_hand -0.405897 -0.378401 2.150327 1.;
1748, r_hand 0.131287 -0.384844 2.196417 1.;
1749, 0.131287 -0.384844 2.196417 1.;
1750, l_hand -0.405993 -0.37718 2.149832 1.;
1751, r_hand 0.130846 -0.383495 2.197077 1.;
1752, 0.130846 -0.383495 2.197077 1.;
1753, l_hand -0.406211 -0.376285 2.149165 1.;
1754, r_hand 0.130655 -0.382424 2.197286 1.;
1755, 0.130655 -0.382424 2.197286 1.;
1756, l_hand -0.406613 -0.375567 2.147758 1.;
1757, r_hand 0.130649 -0.381656 2.197159 1.;
1758, 0.130649 -0.381656 2.197159 1.;
1759, l_hand -0.407108 -0.375145 2.144917 1.;
1760, r_hand 0.130839 -0.38127 2.196692 1.;
1761, 0.130839 -0.38127 2.196692 1.;
1762, l_hand -0.407665 -0.374834 2.141028 1.;
1763, r_hand 0.131252 -0.381029 2.19575 1.;
1764, 0.131252 -0.381029 2.19575 1.;
1765, l_hand -0.408104 -0.374036 2.136418 1.;
1766, r_hand 0.131946 -0.380916 2.19417 1.;
1767, 0.131946 -0.380916 2.19417 1.;
1768, l_hand -0.408329 -0.373167 2.131718 1.;
1769, r_hand 0.132909 -0.380817 2.191608 1.;
1770, 0.132909 -0.380817 2.191608 1.;
1771, l_hand -0.408307 -0.372239 2.12768 1.;
1772, r_hand 0.133817 -0.380855 2.188927 1.;
1773, 0.133817 -0.380855 2.188927 1.;
1774, l_hand -0.408175 -0.371619 2.124363 1.;
1775, r_hand 0.134456 -0.380944 2.185809 1.;
1776, 0.134456 -0.380944 2.185809 1.;
1777, l_hand -0.407971 -0.371526 2.121399 1.;
1778, r_hand 0.134745 -0.381207 2.182706 1.;
1779, 0.134745 -0.381207 2.182706 1.;
1780, l_hand -0.407649 -0.371681 2.118838 1.;
1781, r_hand 0.134448 -0.381652 2.179338 1.;
1782, 0.134448 -0.381652 2.179338 1.;
1783, l_hand -0.407253 -0.371865 2.116604 1.;
1784, r_hand 0.133941 -0.38207 2.176363 1.;
1785, 0.133941 -0.38207 2.176363 1.;
1786, l_hand -0.406835 -0.372403 2.114629 1.;
1787, r_hand 0.133076 -0.382395 2.173362 1.;
1788, 0.133076 -0.382395 2.173362 1.;
1789, l_hand -0.406274 -0.372858 2.112198 1.;
1790, r_hand 0.131278 -0.38273 2.168937 1.;
1791, 0.131278 -0.38273 2.168937 1.;
